507.6
10279.1
10340.7
10250.4
10239.9
10238.1
10218.1
10240.0
10207.9
10205.9
10191.1
10178.1
10171.8
10130.8
10138.8
10133.3
10117.1
10108.0
10091.3
10073.9
10048.0
10037.9
10050.0
9999.7
10012.2
10028.4
9974.4
9967.4
9936.5
9749.1
9707.4
9739.0
9674.9
9735.8
9597.2
9664.3
9641.6
9604.2
8587.7
0.0
0.0
0.0
0.0
0.0
0.0
0.0
0.0
0.0
0.0
0.0
0.0
0.0
0.0
0.0
0.0
0.0
0.0
0.0
0.0
0.0
0.0
0.0
0.0
0.0
0.0
0.0
0.0
0.0
0.0
0.0
0.0
0.0
0.0
0.0
0.0
0.0
0.0
0.0
0.0
0.0
0.0
0.0
0.0
0.0
0.0
0.0
0.0
0.0
0.0
0.0
0.0
0.0
0.0
0.0
0.0
0.0
0.0
0.0
0.0
0.0
0.0
0.0
0.0
0.0
0.0
0.0
0.0
0.0
0.0
0.0
0.0
0.0
0.0
0.0
0.0
0.0
0.0
0.0
0.0
0.0
0.0
0.0
0.0
0.0
0.0
0.0
0.0
0.0
0.0
0.0
0.0
0.0
0.0
0.0
0.0
0.0
0.0
0.0
0.0
0.0
0.0
0.0
0.0
0.0
0.0
0.0
0.0
0.0
0.0
0.0
0.0
0.0
0.0
0.0
0.0
0.0
0.0
0.0
0.0
0.0
0.0
0.0
0.0
0.0
0.0
0.0
0.0
0.0
0.0
0.0
0.0
0.0
0.0
0.0
0.0
0.0
0.0
0.0
0.0
0.0
0.0
0.0
0.0
0.0
0.0
0.0
0.0
0.0
0.0
0.0
0.0
0.0
0.0
0.0
0.0
0.0
0.0
0.0
0.0
0.0
0.0
0.0
0.0
0.0
0.0
0.0
0.0
0.0
0.0
0.0
0.0
0.0
0.0
0.0
0.0
0.0
0.0
0.0
0.0
0.0
0.0
0.0
0.0
0.0
0.0
0.0
0.0
0.0
0.0
0.0
0.0
0.0
0.0
0.0
0.0
0.0
0.0
0.0
0.0
0.0
0.0
0.0
0.0
0.0
0.0
0.0
0.0
0.0
0.0
0.0
0.0
0.0
0.0
0.0
0.0
0.0
0.0
0.0
0.0
0.0
0.0
0.0
0.0
0.0
0.0
0.0
0.0
0.0
0.0
0.0
0.0
0.0
0.0
0.0
0.0
0.0
0.0
0.0
0.0
0.0
0.0
0.0
0.0
0.0
0.0
0.0
0.0
0.0
0.0
0.0
0.0
0.0
0.0
0.0
0.0
0.0
0.0
0.0
0.0
0.0
0.0
0.0
0.0
0.0
0.0
0.0
0.0
0.0
0.0
0.0
0.0
0.0
0.0
0.0
0.0
0.0
0.0
0.0
0.0
0.0
0.0
0.0
0.0
0.0
0.0
0.0
0.0
0.0
0.0
0.0
0.0
0.0
0.0
0.0
0.0
0.0
0.0
0.0
0.0
0.0
0.0
0.0
0.0
0.0
0.0
0.0
0.0
0.0
0.0
0.0
0.0
0.0
0.0
0.0
0.0
0.0
0.0
0.0
0.0
0.0
0.0
0.0
0.0
0.0
0.0
0.0
0.0
0.0
0.0
0.0
0.0
0.0
0.0
0.0
0.0
0.0
0.0
0.0
0.0
0.0
0.0
0.0
0.0
0.0
0.0
0.0
0.0
0.0
0.0
0.0
0.0
0.0
0.0
0.0
0.0
0.0
0.0
0.0
0.0
0.0
0.0
0.0
0.0
0.0
0.0
0.0
0.0
0.0
0.0
0.0
0.0
0.0
0.0
0.0
0.0
0.0
0.0
0.0
0.0
0.0
0.0
0.0
0.0
0.0
0.0
0.0
0.0
0.0
0.0
0.0
0.0
0.0
0.0
0.0
0.0
0.0
0.0
0.0
0.0
0.0
0.0
0.0
0.0
0.0
0.0
0.0
0.0
0.0
0.0
0.0
0.0
0.0
0.0
0.0
0.0
0.0
0.0
0.0
0.0
0.0
0.0
0.0
0.0
0.0
0.0
0.0
0.0
0.0
0.0
0.0
0.0
0.0
0.0
0.0
0.0
0.0
0.0
0.0
0.0
0.0
0.0
0.0
0.0
0.0
0.0
0.0
0.0
0.0
0.0
0.0
0.0
0.0
0.0
0.0
0.0
0.0
0.0
0.0
0.0
0.0
0.0
0.0
0.0
0.0
0.0
0.0
0.0
0.0
0.0
0.0
0.0
0.0
0.0
0.0
0.0
0.0
0.0
0.0
0.0
0.0
0.0
0.0
0.0
0.0
0.0
0.0
0.0
0.0
0.0
0.0
0.0
0.0
0.0
0.0
0.0
0.0
0.0
0.0
0.0
0.0
0.0
0.0
0.0
0.0
0.0
0.0
0.0
0.0
0.0
0.0
0.0
0.0
0.0
0.0
0.0
0.0
0.0
0.0
0.0
0.0
0.0
0.0
0.0
0.0
0.0
0.0
0.0
0.0
0.0
0.0
0.0
0.0
0.0
0.0
0.0
0.0
0.0
0.0
0.0
0.0
0.0
0.0
0.0
0.0
0.0
0.0
0.0
0.0
0.0
0.0
0.0
0.0
0.0
0.0
0.0
0.0
0.0
0.0
0.0
0.0
0.0
0.0
0.0
0.0
0.0
0.0
0.0
0.0
0.0
0.0
0.0
0.0
0.0
0.0
0.0
0.0
0.0
0.0
0.0
0.0
0.0
0.0
0.0
0.0
0.0
0.0
0.0
0.0
0.0
0.0
0.0
0.0
0.0
0.0
13468.5
20891.5
20294.8
20882.2
21077.3
21950.1
21005.0
21304.1
21783.3
19957.9
21063.2
21949.7
21942.8
20525.2
20465.1
21817.6
21042.7
21269.9
21821.2
21061.4
20657.6
20347.9
21057.7
20938.0
20697.5
20309.4
20945.4
21278.4
21950.3
20923.3
21510.3
21608.7
20063.0
21257.3
7681.4
7634.1
7628.4
7631.1
7628.9
7644.0
7567.1
7550.9
7548.0
7545.1
7586.0
7584.1
7560.9
7571.0
7558.8
7554.9
7564.4
7561.1
7531.0
7539.0
7516.0
7511.9
7523.0
7517.1
7493.0
7535.9
7487.2
7400.9
7161.1
7091.7
7365.9
7458.5
7446.1
7459.8
7442.1
7453.9
7452.0
7434.9
7334.7
7206.4
7146.1
7104.0
7362.8
7401.8
7382.2
7389.9
7355.5
7352.2
7342.2
7332.9
7347.9
7346.9
7322.9
7348.3
7343.2
7316.9
7322.8
7315.7
7333.5
7302.1
7296.6
7304.9
7314.0
7289.3
7264.2
7220.0
7234.0
7232.5
7220.4
7264.9
7237.0
7215.9
7218.9
7228.3
7231.5
7238.7
7232.4
7205.0
7232.4
7241.9
7223.4
7228.2
7226.0
7225.0
7212.2
7217.1
7183.8
7213.9
7176.1
7180.9
7196.1
7182.0
7159.1
7021.9
6697.2
6985.0
7036.0
7176.0
7166.0
7151.2
7147.9
7131.9
7118.6
7006.3
6969.0
7051.8
7058.3
7104.1
7097.9
7066.6
7055.4
7010.5
7043.2
6986.9
6982.2
7013.2
6989.3
11230.4
14808.5
14723.0
14667.2
14602.8
14587.1
14495.8
14519.3
14461.0
14411.7
14326.0
14319.4
14341.1
13650.3
13736.6
14188.9
14207.3
14074.9
14080.7
13592.0
13139.9
13743.0
13953.5
13894.2
13850.0
13823.2
13810.1
13763.0
13717.9
13676.2
13645.1
13687.5
13612.9
13583.7
13586.4
13565.6
13489.1
13303.1
13349.6
13442.1
13399.8
13362.1
13411.5
13330.3
11828.0
13198.8
13069.7
13006.1
12537.3
11927.1
12900.0
12806.5
13014.7
12758.2
12606.2
12398.4
10768.9
12834.9
12658.8
12617.9
12765.4
12563.6
12744.8
12548.0
12683.2
19877.2
19820.6
20689.8
21943.0
21949.6
20418.5
19996.8
21394.7
20850.3
20945.5
21401.4
20762.5
20227.1
19869.3
20736.0
20735.9
20427.9
19961.9
20566.3
20830.0
21392.6
20776.1
18414.9
11529.2
11592.2
11743.8
11532.1
11750.9
11611.1
11543.9
11685.9
11524.6
11642.3
11412.9
11622.5
9979.4
11457.4
11585.1
11412.6
11553.0
11379.0
11488.9
11333.4
13598.3
20686.3
19958.2
20302.7
20739.0
20735.7
20090.7
20247.1
20736.3
21328.7
21044.5
20630.4
21393.9
20366.4
19964.3
21950.1
21942.4
21137.4
19642.4
10936.2
10787.2
10794.3
10763.9
10779.3
10749.8
10718.1
10702.9
9738.8
10698.3
10730.4
10644.0
10231.9
10124.6
10464.9
10597.1
10615.1
10505.9
10470.8
10522.1
10111.1
9992.3
10321.7
10461.0
10469.2
10425.8
10407.9
10420.1
10402.2
10417.9
10462.3
10425.2
10434.0
10385.8
10367.2
10331.9
10363.1
10352.9
10321.7
10309.2
10317.6
10313.4
10273.9
10277.1
10293.1
10211.9
10212.3
10228.9
10165.5
10115.3
10126.9
10085.4
10131.8
10133.3
10070.1
10086.4
10081.8
9996.6
9644.3
9607.9
9871.3
10004.6
10002.1
9911.9
9931.2
9940.9
9735.2
9443.7
8076.0
9759.6
9855.6
9825.8
9840.8
9731.1
9804.1
9812.6
9798.2
9873.1
9813.8
9753.2
9721.1
9727.1
9724.9
9756.7
9701.0
9677.7
9722.3
9722.2
9681.7
9672.2
9677.4
9559.4
9559.2
9518.8
9597.5
9593.6
9622.1
9576.0
9563.2
9539.8
9521.9
9510.4
9572.7
9545.3
9526.7
9556.3
9430.9
9257.8
9246.1
9327.9
9433.0
9453.2
9405.0
9392.5
9379.5
9358.8
9154.0
8925.1
8925.7
9306.3
9349.1
9346.9
9302.0
9300.0
9289.2
9256.8
9261.6
9287.5
9248.0
9226.0
9246.9
9222.6
9196.3
9192.0
9200.1
9199.8
9189.4
9189.9
9176.4
9165.3
9135.2
9149.7
9123.3
9137.1
9121.9
9108.1
9166.0
9188.1
9138.5
9128.3
9146.0
9121.1
9041.8
9036.2
8991.9
8997.0
9036.0
9008.6
8791.2
8716.1
8775.0
8887.7
8954.2
8972.3
8921.1
8819.8
8797.9
8710.1
8683.9
8676.6
8711.3
8614.6
8859.3
8860.0
8822.2
8828.1
8864.1
8844.0
8802.8
8782.2
8809.2
7880.8
8679.0
8788.8
8722.4
8645.1
8683.0
8682.9
8737.7
8697.9
8718.2
8704.8
8714.2
8691.0
8727.9
8599.0
8576.9
8590.2
9550.1
21393.6
20827.9
20847.1
21401.2
20624.7
20337.3
20000.9
20736.0
20618.2
9051.8
8380.0
8207.4
8043.9
8039.8
8348.3
8411.0
8414.0
8404.9
8393.0
8383.1
8364.9
8360.1
8361.0
8111.0
8330.0
8324.9
8379.1
8330.7
8326.1
8320.8
8313.2
8314.8
8295.0
8290.1
8281.9
8296.0
8284.1
8282.8
8280.1
8296.9
7987.1
7639.5
8236.6
8241.8
8209.3
8219.0
8222.9
8212.0
8193.1
8204.6
8199.4
8163.0
8158.1
8144.0
8154.7
8165.1
8153.1
8137.8
7950.9
7946.2
7957.8
8038.1
8072.1
8063.0
8103.1
8080.9
8087.0
8092.2
8052.0
7938.7
7751.4
7730.4
7943.4
8004.3
8027.7
8022.1
7988.0
8015.0
8026.2
8015.6
7965.0
7978.9
7986.0
7977.2
7936.8
7945.1
7926.7
7927.3
7899.0
7892.3
7923.2
7919.9
7885.1
7904.0
7853.1
7896.0
7908.6
7899.3
7896.0
7868.2
7872.2
6861.4
7850.0
7766.1
7774.2
7786.8
7794.2
7815.8
7845.3
7813.0
7807.0
7811.9
7814.3
7812.5
7785.7
7793.9
7774.4
7785.0
7715.1
7623.8
7555.2
7602.1
7732.0
7720.6
7732.1
7727.2
7683.1
7714.7
7701.4
7632.3
7610.1
7457.4
7445.9
7635.2
7664.0
7683.9
7668.1
7650.0
7656.9
7642.9
7626.3
7608.0
7598.7
7623.1
7644.0
7611.9
7607.1
7592.0
7606.0
7545.9
7532.0
7513.8
7554.2
7554.0
7581.2
7547.5
7565.4
7561.0
7554.9
7547.7
7556.9
7517.2
7522.4
7533.0
7512.0
7501.1
7491.7
7489.1
7483.2
7470.1
7493.0
7467.1
7465.3
7445.8
7471.6
7407.0
7389.6
7413.0
7410.4
7411.2
7428.9
7323.6
7228.9
7286.2
7291.0
7407.1
7422.1
7415.9
7380.0
7381.2
7362.8
7352.1
14904.9
19951.2
20617.7
20965.6
21289.9
20735.7
21168.7
20960.6
19748.9
21355.9
21949.2
21680.0
19755.0
20812.2
21226.1
20735.8
21236.3
21136.6
20743.9
20006.9
20315.5
20743.0
20686.0
19945.0
20709.9
21059.4
20843.7
21191.3
20298.3
20976.0
21949.8
21664.0
19755.4
20337.9
20671.1
20479.9
21007.0
20948.5
20356.4
20072.7
20212.8
20358.5
20472.3
20061.8
19992.6
20478.8
20886.4
20953.9
20472.4
21100.7
20530.2
19755.2
21918.2
21949.6
21490.6
19751.7
20818.3
20717.4
20479.1
21082.2
20875.2
20472.2
20014.2
20149.1
20472.7
20474.1
20130.5
20170.8
20471.8
20980.0
20859.8
20477.3
21062.5
20372.1
19972.9
21942.2
21949.7
21242.3
19754.6
20981.5
13691.4
12163.5
12312.5
12226.0
12201.0
12181.0
12152.1
12190.7
11948.5
11704.6
11667.9
11995.6
12004.3
11775.3
11936.5
11810.3
11660.3
11600.4
12005.4
12010.3
17206.9
20966.2
20472.7
21085.9
20560.7
19754.2
21876.2
21949.6
21532.2
19754.9
20787.8
20970.9
20473.1
21083.0
20639.5
20239.7
19926.4
20134.4
20471.9
20472.6
20134.5
20150.6
20472.7
20956.8
20882.1
20479.8
21158.3
20409.8
19917.2
21948.8
21943.6
21299.5
19751.8
20944.2
20776.7
20471.7
21158.3
20799.1
20425.9
20021.0
20180.1
20478.6
20473.0
20074.7
20203.2
20397.5
21149.0
20772.4
20540.7
21093.5
20178.7
20260.9
21942.1
21950.0
20960.6
19749.0
21052.5
20660.6
20531.5
21207.7
20696.3
20355.5
20029.0
20369.8
20355.2
20479.1
20004.6
20274.1
20432.2
21214.6
20665.5
20646.7
21207.1
19866.9
20552.0
21949.6
21943.1
20668.0
19908.4
21086.2
20683.6
20634.4
21208.4
20586.0
20306.0
20035.0
20425.4
20477.3
20389.8
20042.0
20307.1
20427.0
21207.2
20568.2
20744.8
21213.9
19653.1
20869.8
21943.0
21950.0
20350.0
20121.5
21207.4
20574.4
20617.4
21206.7
20489.7
20238.5
20055.8
20480.5
12223.1
8885.8
8911.0
8848.0
8625.1
8614.0
8636.2
8859.0
8835.7
8840.0
8766.8
8761.1
8779.1
8775.1
8768.1
8471.9
8771.9
8730.1
8732.9
8751.1
8683.0
8710.0
8708.0
8717.2
8638.8
8645.9
8668.6
8664.2
8666.8
8672.0
8679.2
8600.0
8665.0
8629.0
8624.9
8577.1
8566.9
8585.0
8594.3
8573.4
8600.0
8563.1
8565.1
8571.2
8567.6
8530.8
8534.0
8573.8
8404.0
8267.8
8187.2
8275.3
8511.8
8499.1
8454.3
8435.8
8455.0
8442.8
8344.2
8161.8
8054.2
8097.9
8406.0
8400.7
8385.3
8323.8
8351.1
8336.9
8366.7
8369.4
8347.0
8333.0
8351.2
8306.1
8336.6
8325.2
8234.0
8184.1
8183.9
8225.0
8268.3
8261.0
8280.7
8280.1
8278.9
8259.1
8272.0
8229.3
8236.7
8240.3
8235.0
8212.8
8201.0
8218.8
7344.3
8187.4
8214.5
8206.9
8140.9
8162.0
8161.7
8099.2
8160.0
8109.2
8148.1
7927.8
6912.9
7944.1
7841.9
8047.1
7941.9
8080.7
7999.9
7779.8
7885.7
7742.1
7914.7
7776.1
7634.8
7826.2
6897.7
7982.2
7841.0
7993.1
7857.2
7787.2
7955.5
7799.9
7919.3
7844.1
7928.7
7786.4
6846.2
7895.6
7787.2
7887.0
7789.0
7871.2
7791.0
7715.9
7878.8
7765.5
7852.6
7770.9
7711.2
7916.1
6707.9
7832.9
7694.0
7820.1
7719.0
7739.1
7822.7
7676.2
7803.1
7675.3
7798.0
7688.7
6709.2
7768.0
7619.7
7775.4
7619.1
7757.8
7589.1
7615.9
7689.1
13702.2
20246.4
20472.8
20476.1
20159.2
20131.1
20472.1
20934.6
20672.0
20477.8
21008.2
20478.9
19687.5
21942.5
21950.3
21413.2
19748.1
20875.3
20926.9
20472.6
21127.1
20829.6
20443.8
20047.9
20287.3
20472.8
20479.0
19987.8
20184.8
20384.1
11030.2
20957.2
20478.3
20963.4
20797.0
19748.8
21535.1
21942.3
21885.2
19750.5
20556.4
21087.7
20472.0
20967.8
20988.8
20479.2
20083.8
20068.9
20479.3
20472.2
20061.1
20394.5
20909.2
20669.7
20909.7
20277.3
20725.7
21560.0
20999.2
19359.3
20425.0
20606.0
20109.6
20726.2
20507.2
20117.6
19720.5
20126.2
20472.1
20479.5
19909.3
19588.5
16699.9
17824.1
20732.7
20110.9
20471.6
20346.2
19352.9
20962.4
21394.4
21401.0
19345.7
20150.3
20737.5
20117.9
20341.8
20543.2
20114.2
19802.8
19845.4
20479.6
20471.7
20055.8
19737.1
20117.4
20473.0
20645.0
20110.0
20567.5
20270.9
19426.5
21393.5
21400.9
20841.3
19249.5
20414.3
20442.2
20110.1
20652.1
20466.8
20082.9
19714.4
20171.5
20472.2
20478.9
19837.2
19876.1
20110.0
20668.7
20450.2
20020.1
20845.1
19896.2
19697.2
21401.2
21394.8
20603.6
19353.2
20725.2
20455.4
20135.8
20844.7
20248.9
19913.8
19738.6
20261.3
20472.5
20478.7
19761.5
19905.4
20016.7
20845.8
20366.9
20102.9
20845.8
19725.6
19803.7
21400.9
21393.8
20395.2
19380.7
20852.3
20377.9
20210.8
20846.2
20293.0
19982.0
19635.0
20332.4
20478.0
20428.2
19734.8
19944.6
19969.2
20845.4
20300.3
20169.7
20845.9
19590.3
20110.3
21401.9
21393.2
20191.9
19415.7
20852.2
20304.0
20285.6
20726.1
20223.5
19946.8
19747.9
20403.4
20479.5
20236.5
19634.5
19858.0
20025.7
20850.5
20238.1
20351.3
20845.5
19455.4
20295.0
21399.2
21353.3
19506.5
19880.8
20665.5
20110.8
20558.7
20483.1
20115.0
19658.8
20093.8
20455.7
20473.1
19708.9
19853.8
20142.0
20845.5
20180.4
20322.2
20711.5
19360.2
20578.3
21394.1
9496.3
9103.0
9087.1
9052.2
9056.9
9040.8
9027.1
9057.8
9034.2
8894.9
8558.1
8364.4
8986.5
9010.3
8997.8
8953.8
8940.2
8960.4
8878.0
8592.0
8565.0
8638.9
8887.2
8908.9
8917.9
8889.6
8824.1
8847.3
8763.0
8621.1
8651.9
8684.0
8790.9
8753.0
8783.0
8773.9
8766.1
8750.7
8729.1
8763.4
8754.2
8726.1
8709.4
8713.8
8723.4
8667.6
8657.4
8661.0
8663.0
8675.0
8666.2
8635.6
8664.0
8646.7
8660.1
8624.1
8563.3
8576.5
8571.8
8593.9
8567.8
8566.1
8558.1
8568.0
8563.9
8570.8
8508.1
8521.2
8551.8
8526.7
7287.0
8383.1
8443.9
8305.2
8176.0
8252.2
8485.4
8472.3
8459.2
8368.1
8390.8
8366.9
8363.0
8211.2
8181.9
8034.9
8364.3
8357.1
8091.8
7539.0
8335.7
8360.3
8320.9
8321.8
8314.1
8296.2
8290.9
8281.0
8281.0
8284.1
8242.9
8234.1
8263.7
8242.2
8212.7
8222.3
8251.9
8251.0
8242.3
8238.0
8240.6
8143.1
8119.0
8140.9
8174.4
8147.5
8184.0
8184.0
8161.1
8153.1
8123.2
8133.9
8098.0
8117.9
8124.3
8106.8
8100.6
8106.9
8075.3
8003.0
7964.2
7961.9
8020.0
8073.9
8077.9
8053.0
8016.9
8034.1
8014.1
7995.2
8058.9
8069.0
7999.0
7960.9
7974.8
7964.1
7961.9
7970.4
7966.9
7951.7
7933.2
7931.1
7927.1
7932.8
7904.1
7892.6
7668.3
7080.9
7693.8
7842.2
7838.9
7878.0
7873.2
7865.2
7916.9
7889.9
7887.0
7890.9
7841.1
7833.8
7840.2
7828.0
7808.1
7804.6
7829.4
7551.1
7797.9
7793.1
7792.0
7794.0
7778.5
7774.3
7774.0
7774.1
7745.8
7753.1
7727.4
7730.7
7586.9
7523.9
7475.8
6794.0
7705.1
7704.0
7715.9
7676.0
7666.1
7661.0
7680.1
7594.1
7470.9
7446.8
7450.0
7621.0
7628.3
7616.9
7607.7
7616.0
7593.1
7613.2
7563.8
7575.1
7584.7
7573.3
7569.9
7459.3
7425.9
7579.8
7553.2
7524.0
7536.0
7524.1
7517.1
7529.7
7517.8
7529.4
7495.6
7505.3
7507.0
7505.8
7489.1
7477.8
7476.2
7486.0
7460.9
7457.8
6734.1
7443.2
7430.0
7440.9
7433.0
7432.3
7450.9
7406.9
7404.9
7427.9
7381.3
7384.1
7412.8
7395.0
7277.1
7226.8
7218.2
7268.0
7374.0
7350.8
7348.1
7381.1
7330.0
7328.1
7334.0
7313.0
7173.1
7105.9
7100.1
7186.7
7292.2
7283.0
7295.0
7268.0
7281.0
7268.7
7293.2
7271.0
7263.1
7259.8
7260.0
7270.1
7229.1
7201.9
7205.2
7247.9
7194.0
7198.0
7208.8
7205.1
7207.1
6977.3
7190.5
7210.2
7200.2
7194.9
7198.9
7200.8
7112.2
7136.2
7100.1
7109.7
7174.8
7139.3
7154.0
7154.8
7129.9
7137.2
7125.0
7133.9
7127.0
7121.1
7104.0
7102.9
7098.3
7085.2
7098.3
7088.1
7041.1
6939.1
6874.0
6885.8
6965.2
7082.9
7077.9
7067.1
7043.1
7039.7
7048.3
7024.8
7006.2
6909.9
6911.1
6894.1
6863.8
6995.2
6984.9
6989.9
6982.1
6953.9
6980.3
6980.0
6960.7
6956.3
6951.7
6953.3
6978.0
6937.9
6983.1
6970.8
6927.7
6934.3
6929.1
6907.9
6919.6
6934.3
6926.1
6882.9
6898.1
6897.0
13726.0
14398.7
14310.2
14300.2
14286.7
14215.8
14196.4
14149.7
14115.2
12743.8
13977.7
13955.4
13759.7
13394.6
13647.0
13869.2
13856.7
13767.0
13656.9
13180.8
13314.9
13665.3
13613.9
13145.3
13542.1
13501.0
13491.9
13501.7
13483.7
13412.0
13373.9
13304.2
13306.3
13344.8
13339.0
13288.0
13186.7
13198.0
13153.5
13206.9
11851.9
13086.1
13067.4
13043.5
13022.2
13014.0
12977.9
12589.8
12333.2
12736.0
12823.0
12803.0
12735.9
12665.1
12664.7
12664.3
12643.1
7509.8
20336.4
20279.8
19754.5
20589.9
20170.6
19013.5
21166.2
21394.1
21122.5
19013.5
18082.1
12120.8
10535.4
12179.4
11993.1
12079.3
11915.2
12035.5
11861.4
11876.8
11565.1
11446.4
11831.9
12020.6
11947.6
11840.4
11872.2
11671.0
11493.2
11688.8
11784.1
11506.7
11734.1
11735.0
11712.0
11719.1
11668.1
11548.1
11511.2
11532.9
11545.1
11557.6
11529.8
11560.1
11549.3
11622.8
11619.1
11512.7
11532.3
10383.0
11407.9
11416.2
11372.5
11372.5
11365.9
11339.7
11339.3
11158.1
10770.0
10803.2
10900.6
10781.0
11037.2
11323.5
11237.4
9697.9
11098.4
11007.5
10669.8
10493.2
11004.0
11019.3
16838.2
20445.9
19748.3
20355.9
20456.1
19011.4
20510.0
21401.4
21394.0
19275.7
13356.8
10703.9
10742.5
10660.2
10582.0
10690.1
10642.6
10603.6
10627.9
10550.8
9612.1
10522.3
10417.2
10193.8
10305.5
10506.9
10517.1
10442.8
10408.3
10397.7
9956.2
9779.7
10000.4
10289.4
10309.0
10333.1
10313.0
10341.1
10288.0
10301.6
10292.0
10237.0
10252.3
10229.1
10180.0
10129.9
10211.8
10169.0
10163.9
10180.3
10136.8
10119.1
10108.1
10100.3
10123.1
10070.5
10096.9
10065.0
10054.1
10018.7
10033.3
10003.2
10049.9
9980.2
9967.0
9956.3
9933.2
9547.8
9697.0
9624.2
9882.2
9895.3
9880.8
9828.8
9854.6
9699.0
9548.0
9522.1
9638.0
9764.2
9781.8
9712.6
9728.8
9675.7
9713.1
9687.9
9707.2
9690.8
9698.3
9677.7
8738.9
9592.1
9609.8
9578.3
9603.2
9591.7
9561.3
9568.9
9541.0
9569.4
9511.1
9490.3
9553.1
9538.9
9531.0
9515.8
9475.0
9489.0
9492.0
9447.2
9445.3
9439.4
9402.2
9404.1
9371.7
9252.3
9178.8
9197.2
9322.9
9348.8
9339.0
9332.5
9310.9
9292.4
9126.1
9107.4
9123.7
9241.1
9233.8
9227.9
9209.9
9238.2
9218.2
9177.1
9200.1
7970.1
9181.0
9132.2
9093.0
9154.0
9129.6
9102.4
9106.9
9094.0
9071.0
9091.9
9109.0
9097.0
9109.1
9042.9
9033.8
9040.0
9030.2
8999.8
9029.7
9014.0
9008.2
9009.4
8985.4
8985.3
8971.6
8948.3
8923.9
8915.8
8903.9
8747.6
8675.4
8682.5
8758.6
8859.6
8881.2
8868.1
8815.7
8834.2
8780.1
8520.0
8419.0
8457.1
8725.0
8753.1
8757.6
8752.9
8766.4
8732.6
8713.5
8716.6
8720.3
8718.7
8711.1
8426.3
8682.7
8639.4
8565.3
8556.9
8561.3
8656.4
8642.8
8647.6
8616.3
8590.2
8592.1
8586.1
8565.7
8582.4
8535.2
8563.3
8561.1
8593.1
8525.4
8535.4
8518.1
8546.0
8520.1
8539.8
8513.4
8506.6
8480.7
8459.6
8463.8
8388.3
8290.3
8325.3
8411.9
8442.3
8450.6
8423.2
8402.2
8366.1
8326.0
8152.1
7409.5
8095.6
8341.6
8339.5
8346.4
8338.6
8288.3
8066.0
8276.3
8114.9
8292.0
8291.2
8268.1
8260.8
8265.2
8268.1
8231.9
8222.1
8221.9
8213.4
8209.1
8229.6
8216.8
8223.2
8226.6
8211.3
8210.9
8201.8
8191.3
8188.1
8156.5
8143.6
8134.0
8126.0
8078.1
8035.1
7980.8
8129.0
8123.8
8105.3
8110.6
8075.3
8079.1
8087.0
8011.7
7938.2
7851.9
7918.2
8048.9
8050.6
8027.3
8016.1
7992.5
8021.5
7985.0
7796.1
7774.9
7758.1
7903.0
7744.9
7957.9
7942.1
7943.1
7929.1
7947.0
7918.2
7909.8
7908.0
7882.1
7890.0
7877.9
7862.2
7896.8
7064.7
7765.2
7771.1
7840.8
7847.0
7851.3
7847.8
7854.0
7843.0
7832.9
7822.2
7902.1
7848.0
7801.0
7808.8
7786.0
7795.0
7788.4
7787.6
7765.5
7756.3
7759.3
7758.7
7738.2
7741.0
7742.0
7739.0
7730.8
7724.3
7694.0
7644.0
7639.1
7627.0
7649.1
7681.8
7685.0
7679.8
14875.3
19671.4
19346.5
20057.3
20279.3
20393.2
19754.8
20418.6
20348.3
19012.9
20659.7
21394.3
21393.6
19140.4
19771.7
20654.9
19747.5
20171.2
20386.6
20117.1
19526.8
19557.3
20110.2
20117.2
19598.0
19371.2
20110.3
20310.3
20331.8
19754.3
20512.2
20300.9
19006.4
21011.4
21394.2
21278.0
19012.9
19959.8
20653.9
19749.4
20248.7
20347.8
20117.0
19457.4
19621.8
20110.3
20116.2
19612.2
19460.8
20116.6
10988.0
6991.1
6968.9
6971.9
6944.1
6956.2
6931.7
6934.0
6935.3
6946.4
6913.1
6913.4
6886.6
6877.2
6913.2
6910.1
6908.7
6891.0
6877.3
6886.0
6888.6
13726.1
14385.0
14277.9
14268.1
14191.1
14210.3
14110.9
14104.7
14075.3
14033.6
13973.3
14007.6
13577.0
13037.0
13685.8
13877.3
13765.3
13707.9
13500.2
13110.0
13499.5
13592.2
13560.9
13536.3
13537.4
13423.3
13371.4
13368.9
13296.5
13302.4
13277.4
13294.5
13244.3
12793.8
13236.1
13155.5
13158.9
13062.1
13093.4
15114.0
19387.6
20110.0
19875.8
19610.6
18911.1
19510.1
19748.1
19755.2
18938.2
19222.5
19625.6
20110.8
19659.6
19392.9
20472.2
19175.3
19192.5
20852.3
20845.2
19830.5
18639.9
20472.1
19824.6
19450.6
20000.3
19837.6
19445.3
19013.7
19577.5
19635.7
19752.7
18978.4
19411.1
19652.8
20117.2
19591.1
19495.2
20471.9
19007.3
19398.3
20851.9
20845.9
19619.8
18817.5
20472.5
19718.7
19522.4
20113.7
19800.7
19465.9
19006.5
19669.9
19635.4
19652.8
18891.9
19374.8
19692.5
20116.9
19511.8
19613.4
20472.4
18809.9
19629.0
20852.0
20845.8
19291.5
18994.8
20472.0
19606.9
19600.8
20110.8
19768.9
19390.7
18997.8
19748.4
19755.6
9590.2
19220.3
19170.6
19753.4
19826.4
19758.5
19248.0
20471.9
19301.4
18908.5
20847.0
20845.1
20119.2
18650.7
20230.5
19959.2
19381.9
20089.0
19889.0
19631.4
18999.7
19502.2
19754.2
19748.3
19055.0
19333.2
19626.7
20110.2
19662.7
19391.0
20479.6
19056.1
19071.4
20845.5
20849.4
19853.7
18650.7
20330.8
19834.9
19444.1
20110.5
19847.7
19554.1
18999.6
19590.0
19749.1
19727.0
19019.2
19396.1
19658.0
20110.9
19600.1
19484.6
20478.8
18900.9
19377.3
20845.8
20844.7
19643.0
19010.8
20472.7
19603.4
19595.8
20112.8
19655.0
19404.2
18990.0
19748.0
19756.1
19573.7
18999.8
19568.3
19729.3
12615.8
8707.9
8693.2
8684.1
8661.6
8666.4
8656.2
8676.0
8656.0
8438.6
8438.5
8515.4
8637.5
8613.8
7821.0
8600.9
8586.9
8606.9
8585.1
8528.2
8565.5
8546.3
8546.7
8545.3
8546.3
8497.9
8513.8
8490.2
8465.0
8487.7
8474.9
8473.4
8471.1
8458.8
8454.1
8281.1
8200.6
8268.2
8364.1
8401.4
8426.0
8369.5
8377.1
8378.8
8351.3
8249.0
8267.9
8250.9
8249.2
8304.6
8311.5
8250.4
8229.6
8268.5
8249.1
8225.3
8252.0
8224.7
8209.3
8171.9
8234.8
8243.1
8198.9
8197.1
8217.7
8216.9
8243.2
8174.6
8119.3
8131.8
8141.5
8141.7
8146.1
8074.4
8074.8
8063.9
8152.2
8152.9
8127.0
8086.1
8077.3
8105.4
8083.2
8084.0
8069.2
8070.4
8089.4
8077.9
8085.3
8051.8
7912.5
7856.5
7855.0
7949.9
8006.9
8015.2
8023.1
7979.8
7991.1
7979.6
7930.0
7807.0
7785.3
7785.9
7908.2
7984.9
7940.0
7909.3
7884.7
7910.1
7903.1
7889.8
7884.0
7887.8
7880.2
7866.1
7871.9
7838.9
7856.0
7830.1
7828.2
7828.3
7790.5
7814.1
7791.9
7788.1
7810.2
7797.9
7793.9
7786.5
14169.3
19392.1
20338.9
19375.5
19727.2
20010.8
19748.6
19143.9
19127.7
19748.1
19754.8
19198.4
19070.0
19635.4
19870.2
19898.4
19381.1
20128.1
19767.7
18650.8
20677.2
20845.8
20552.7
18543.8
19853.0
20190.0
19375.1
19944.9
19843.2
19755.3
19049.8
19344.7
19748.0
19754.8
19225.5
19047.3
19748.0
19905.9
19827.1
19381.1
20233.8
19591.8
18686.9
20852.9
20844.6
20341.4
18651.1
19923.1
20083.1
19374.6
20016.9
7219.2
7096.1
7116.1
7094.0
7061.1
7041.1
7047.9
7012.0
6975.9
7001.8
7038.3
7023.0
7029.1
7002.8
7020.1
6990.1
7006.9
6952.8
6915.1
6918.9
6913.0
6958.0
6986.9
6967.2
6980.0
6963.0
6946.4
6962.5
6940.0
6935.2
6924.0
6938.1
6944.0
6042.9
6905.0
6899.1
6863.0
6892.0
6847.7
6834.9
6822.9
6802.7
6863.7
6897.1
6899.0
6879.0
13748.7
14265.2
14215.6
14193.0
14087.0
14064.3
13989.9
14013.1
13955.4
13942.3
13901.1
13868.4
13541.5
13526.5
13790.5
13813.0
13620.3
13605.9
13339.2
13189.2
13550.9
13461.8
13442.5
13415.1
13359.0
13357.0
13271.4
13291.1
13192.7
12753.4
13112.8
13232.6
13209.5
13190.1
13169.1
13064.9
13103.1
11749.2
13050.2
12971.3
12865.2
12889.9
12881.9
12842.1
12885.2
12634.6
12386.1
12574.0
12719.0
12686.9
12634.0
12625.0
12412.8
12394.2
12514.2
12510.6
12610.1
12581.4
12474.9
12398.7
12384.2
10757.0
12392.9
12326.1
12297.5
12256.0
12246.6
12248.1
12220.1
12209.0
12269.0
12169.6
12108.1
12120.2
11718.4
12067.6
12044.1
12029.9
12030.7
11983.1
11947.3
11912.1
11746.3
11676.3
11865.8
11879.4
11824.0
11750.9
11662.4
11491.0
11408.9
11688.2
11681.0
11646.9
10486.1
11606.2
11521.6
11560.9
11551.1
11539.8
11503.2
11476.4
11456.8
11361.5
11421.5
11436.8
11415.4
11405.8
11398.3
11322.7
11325.9
11311.8
11300.1
10918.0
11223.9
11253.8
11218.2
11221.9
11173.1
10192.2
11085.0
10861.0
10884.8
11078.1
11082.7
11010.7
11042.5
11029.1
10859.0
10868.0
10895.0
10843.2
10613.7
10894.9
10882.8
10860.0
10838.4
10823.3
9517.4
10818.0
10781.0
10791.1
10858.9
10737.7
10725.3
10631.8
10729.2
10717.0
10682.0
10658.9
10656.0
10613.4
10628.8
10614.9
10528.6
10538.2
10548.1
10553.3
10529.9
10530.9
10516.8
10508.2
10459.1
10422.7
10409.9
10410.6
10397.3
10346.2
10354.2
10270.0
10201.0
10116.8
10224.3
10261.5
10273.8
10246.2
10233.8
10239.5
10209.9
10172.4
10177.1
10190.0
10179.5
10130.7
10111.9
10135.1
10090.5
10077.8
10084.0
10053.2
10078.0
9992.7
9921.0
9935.1
9980.0
10045.4
10019.4
9906.5
9941.8
9909.9
9934.5
9905.3
9907.8
9869.6
9920.3
9827.0
9629.3
9485.2
9710.3
9794.2
9734.1
9701.3
9752.8
9657.1
9580.7
9659.2
9636.1
9690.1
9684.0
9669.8
9648.8
9701.3
9658.4
9623.2
9626.7
9603.7
9600.1
9583.2
9492.8
9463.9
9480.1
9547.9
9535.4
9568.4
9550.0
9536.3
9548.3
9487.3
9480.1
9473.2
9462.4
9437.1
9466.8
9396.9
9420.8
9391.1
9422.1
9402.9
9391.9
9375.1
9358.1
9366.1
9206.5
9220.5
9531.7
9760.1
9758.8
9726.2
9720.9
9729.0
9639.9
9542.0
9529.6
9583.3
9637.9
9605.0
9605.8
9604.2
9568.2
9586.0
9528.7
9502.4
9511.9
9214.1
9540.7
9524.1
9497.2
9499.9
9492.1
9483.9
9393.9
9436.2
9442.9
9461.0
9364.9
9356.1
9380.0
9413.1
9402.9
9409.2
9411.0
9386.7
8498.4
9377.9
9354.3
9343.5
9337.6
9336.3
9272.4
9274.2
10157.6
19147.2
19357.0
19353.6
18569.3
18968.5
19242.7
19747.9
19287.8
19166.0
20117.7
18772.5
18905.3
20472.7
20479.6
19161.0
18553.7
20110.4
19310.8
19188.5
19755.3
19395.3
19066.3
18651.5
19297.6
19353.1
19236.9
18651.7
19124.3
19315.8
19754.9
19131.8
19281.3
20110.6
18319.2
19198.3
20473.7
20477.7
8964.1
8543.0
8558.0
8552.9
8538.2
8592.0
8610.8
8535.1
8518.1
8497.7
8499.9
8500.2
8489.1
8467.7
8449.9
13620.9
18771.6
18883.1
19353.8
19352.4
18849.5
18586.3
19357.3
19473.3
19580.5
19013.4
19832.6
19490.2
18317.8
20197.9
20479.6
20279.3
18317.5
19309.5
19879.4
19012.9
19549.0
19600.8
19249.8
18719.2
18931.4
19353.8
19359.8
18881.6
18766.7
19353.1
19519.3
19500.6
19019.1
19821.9
19326.5
18311.1
20410.5
20472.4
20080.8
18207.2
19590.9
19768.7
19013.3
19619.0
19569.6
19353.1
18656.6
18999.2
19353.1
19359.4
18826.6
18821.9
19352.8
19554.9
19435.0
19019.8
19919.5
19062.1
18306.6
20479.2
20471.9
19912.7
18310.7
19741.0
19678.0
19019.3
19673.8
19536.7
19298.4
18644.4
19060.8
19359.9
19222.6
18574.6
19353.7
19615.5
19060.2
19785.1
18749.7
19716.9
20253.4
19673.5
18037.2
19314.3
19368.1
18656.9
19593.9
19402.8
18904.6
18229.2
18683.3
18910.4
19014.0
18500.8
18515.6
18910.8
19504.7
19276.3
18652.0
19578.4
18819.7
18199.0
20111.0
20110.1
19512.0
18036.3
19335.5
19289.2
18657.2
19673.4
19348.9
18944.4
18350.7
18742.9
19018.6
19012.7
18426.4
18584.9
19019.5
19578.0
19166.8
18705.7
19754.7
18629.9
18420.6
20111.2
20116.4
19283.7
18042.3
19399.0
19184.5
18687.3
19750.5
19272.6
18882.8
18338.5
18817.1
19012.3
19014.1
18363.0
18661.7
18801.0
19752.1
19064.3
18697.9
19748.2
18486.4
18593.3
20110.7
20117.2
19110.0
18055.0
19754.4
19077.5
18795.6
19748.2
19206.3
18711.6
18332.0
18880.7
19012.7
18981.7
18325.3
18661.2
19037.9
19753.0
18871.8
18886.4
19751.0
18126.0
19087.1
20110.6
20109.5
18624.6
18349.1
19755.5
18819.1
19052.8
19748.4
19034.2
18552.5
18362.2
19013.1
19020.0
18830.2
18343.7
18859.3
19143.2
19748.4
18728.4
19031.0
19571.3
18037.1
19225.1
20111.1
20110.2
18483.8
18577.7
19755.0
18740.1
19132.3
19709.2
19019.7
18609.2
18411.8
19013.6
19019.3
18669.6
18345.3
18910.8
19200.5
19748.2
18643.6
19228.9
19427.6
18036.9
19398.9
20110.2
20112.7
18309.8
18614.3
19748.2
18654.2
19216.8
19659.3
19013.2
18557.5
18465.7
19013.4
19019.1
18718.9
18339.3
18978.1
19259.5
19642.2
18650.5
19102.8
19397.3
18036.9
19458.4
20110.4
20116.9
18143.3
18860.0
19659.1
18658.3
19302.1
19597.3
19013.6
18494.7
18523.5
19020.0
19012.9
18668.9
18352.4
19019.1
19321.5
19550.0
18651.6
19313.1
19134.6
18037.5
19745.1
20111.1
20038.7
18036.7
18899.2
19462.0
18657.4
12201.9
8897.5
8885.9
8820.8
8848.1
8865.2
8798.5
8691.0
8703.3
8719.8
8783.2
8786.1
8772.0
8743.9
8732.9
8684.1
8604.2
8557.9
8618.1
8664.9
8720.7
8690.3
8690.1
8694.9
8640.0
8633.9
8654.3
8657.1
8628.9
8609.4
8626.0
8591.9
8615.0
8589.2
8558.3
8567.1
8589.6
8562.1
8552.2
8548.9
8559.1
8539.1
8534.0
8520.0
8501.0
8551.9
8577.0
8560.9
8484.8
8463.7
8469.3
8477.9
8449.3
8478.9
8476.8
8529.7
8436.1
8361.4
8237.5
8261.7
8337.1
8369.6
8350.4
8373.9
8319.4
8341.1
8306.9
8230.8
8193.2
8198.4
8298.6
8299.1
8270.8
8253.1
8237.8
8272.0
8272.0
8239.8
8213.0
8190.0
8194.9
8206.0
8197.9
8213.2
8172.0
8215.2
8200.6
8156.0
8167.7
8186.9
8191.5
8174.0
8189.7
8139.0
8133.3
8121.7
8112.3
8146.8
8149.1
8140.9
8102.6
8123.4
8097.9
8102.0
8100.1
8116.1
8071.0
8085.8
8036.1
8060.7
8042.4
8027.9
8044.2
8033.7
7996.9
8020.1
8033.1
8007.1
7995.0
7993.0
7913.0
7831.9
7798.2
7828.9
7945.2
7898.9
7941.4
7914.6
7928.1
7919.4
7927.6
7869.0
7886.7
7875.1
7865.2
7855.0
7890.0
7867.0
7818.1
7839.9
11883.6
9258.2
7826.6
7810.0
7848.5
7821.9
7840.1
7798.0
7742.0
7740.0
7745.6
7774.8
7787.9
7794.8
7730.1
7735.2
7743.9
7755.2
7749.4
7740.3
7723.0
7714.8
7687.0
7742.1
7719.3
7639.8
7615.1
7517.9
7565.2
7672.8
7651.8
7696.6
7671.7
7651.8
7628.2
7637.7
7592.1
7548.9
7500.0
7554.6
7613.0
7605.3
7606.9
7583.7
7590.6
7603.1
7574.3
7550.6
7542.9
7534.2
7530.0
7549.7
7567.9
7554.1
7525.2
7528.9
7546.3
7524.9
7514.9
7515.0
6593.6
7517.2
7516.2
7469.0
7460.9
7477.2
7494.8
7486.1
7458.7
7455.5
7489.1
7465.2
7416.8
7433.5
7414.9
7442.2
7421.1
7417.8
7427.1
7413.0
7404.1
7398.9
7385.7
7339.7
7334.3
7311.2
7318.4
7384.5
7339.4
7349.5
7344.3
7304.0
7296.0
7284.1
7321.0
7297.9
7228.2
7252.0
7283.1
7265.8
7258.0
7275.0
7244.4
7212.5
7217.9
9199.3
14780.7
14647.1
14426.1
15243.8
14588.5
14521.0
14078.7
14443.7
14461.4
14361.5
14314.3
14023.7
14148.4
14224.8
14227.9
14103.0
13948.5
13797.5
13945.2
13954.7
13891.0
13989.3
14049.1
13871.0
13706.3
13797.6
13735.9
13680.1
13692.4
13674.8
13657.8
9531.0
13436.3
13398.7
13491.3
13548.9
13464.7
13479.1
13414.2
13332.6
13126.4
13292.4
13303.3
13277.1
13203.8
13166.0
13192.3
13089.9
13028.1
13010.8
12599.0
12990.3
12918.2
12942.9
12897.6
12881.2
12866.7
12812.4
12830.5
12757.4
12742.0
12710.9
12726.1
12732.0
12686.9
12631.6
12615.6
12490.1
12489.8
12501.0
12518.2
12525.8
12513.8
12427.1
11228.8
12441.2
12167.8
12146.1
12316.3
12284.9
12185.7
12165.0
12096.5
12102.7
12040.3
12132.3
12149.1
12134.0
12113.1
12014.7
12007.6
11988.8
12012.1
11976.9
11931.3
11925.8
11869.9
11825.5
11783.8
11821.9
11803.0
11774.3
11797.9
11743.9
11757.2
11703.4
11698.1
11697.0
11682.5
11617.6
11588.3
11540.0
11272.6
11382.2
11599.0
11508.2
11442.8
11459.1
11431.8
11478.0
11411.0
11399.9
11373.1
11341.6
11313.0
11296.2
11262.1
11265.3
11210.1
11221.6
11184.0
11178.1
11161.2
11194.0
11198.8
11170.0
11161.6
11108.5
11066.9
11039.2
11047.7
11081.7
11019.0
10980.5
11014.1
11010.4
10997.3
10926.9
10899.2
10882.9
10731.0
10667.4
10822.9
10856.8
10844.1
10771.0
10752.9
10746.0
10737.0
10701.1
10714.2
10691.6
10657.1
10650.8
10653.1
10607.2
10647.0
10576.9
10588.8
10551.6
10555.4
10522.1
10535.0
10552.0
10536.9
10551.2
10525.9
10529.9
10497.3
10466.2
10404.0
10415.3
10430.9
10398.2
10349.3
10351.1
10360.9
10321.8
10281.8
10326.3
10195.2
10108.5
10177.5
10211.9
10187.4
10184.1
10176.0
10167.4
10168.0
10141.0
10115.2
10073.0
10094.0
10052.0
10070.9
10041.9
10029.2
10021.9
10037.1
10016.1
10040.4
9257.3
9509.1
9983.1
9939.9
9951.9
9959.6
9938.2
9955.0
9907.1
9874.9
9860.1
9832.0
9892.6
9889.7
9825.3
9849.3
9855.3
9877.8
9828.0
9740.0
9721.7
9731.2
9645.4
9664.2
9607.3
9675.0
9713.6
9676.9
9681.4
9639.1
9633.1
9635.6
9623.4
9554.1
9586.6
9577.0
9551.1
9556.1
9519.9
9509.0
9535.6
9497.9
9474.7
9503.7
9472.1
9474.6
9480.5
9395.9
9445.8
9422.2
9436.7
9397.3
9420.5
9388.7
9363.7
9351.2
9333.7
9360.3
9338.0
9340.1
9314.7
9336.8
9298.5
9314.9
9296.0
9289.9
9297.0
9183.1
9134.0
9160.6
9194.9
9213.3
9206.0
9146.1
9178.0
9175.2
9115.8
9119.2
9111.9
9083.1
9112.9
9074.0
9070.2
9085.4
9056.3
9065.0
9045.2
9036.9
9028.9
9040.0
9012.1
9003.1
8985.0
8987.8
8995.1
8992.9
8984.1
8947.5
8957.1
8939.0
8943.3
8910.7
8912.3
8906.0
8893.0
8893.2
8883.5
8867.3
8883.9
8847.0
8886.8
8824.5
8778.4
8813.1
8795.4
8706.9
8699.9
8741.1
8759.0
8737.0
8725.0
8724.0
8694.1
8725.0
8722.0
8704.1
8682.0
8663.6
8672.2
8660.1
8669.0
8649.0
8657.8
8627.1
8620.2
8639.1
8619.1
8563.7
8567.9
8567.0
8562.7
8558.4
8556.6
8527.0
8522.5
8534.0
8554.5
8557.1
8537.2
8574.0
8572.1
8553.0
8556.9
8551.9
8486.2
8438.8
8450.4
8449.5
8440.2
8441.1
8420.9
8365.1
8441.1
8384.9
8358.1
8288.0
8285.1
8304.8
8361.2
8382.3
8340.3
8318.1
8331.6
8304.2
8178.2
8144.0
8203.6
8265.4
8259.9
8259.2
8005.6
8251.3
8242.4
8265.4
8215.4
8220.8
8209.8
8234.1
8218.0
8215.0
8179.2
8193.0
8204.1
8173.9
8191.8
8186.3
8190.4
8161.2
8114.2
8160.6
8052.5
8009.0
7952.6
8066.4
8093.4
8078.1
8090.7
8055.2
8083.9
8079.3
8085.0
8082.9
8052.0
8008.3
8022.3
8044.4
8037.8
7942.3
7912.8
7962.0
7994.0
7995.1
7995.1
7971.8
7961.1
7988.4
7910.4
7864.7
7876.1
7870.6
7869.9
7904.9
7911.7
7918.4
7881.0
7896.1
7886.7
7878.1
7890.2
7886.2
7247.9
7834.9
7870.5
7857.5
7841.0
7827.0
7856.9
7814.9
7794.2
7816.9
7800.0
7793.9
7809.1
7803.9
7784.8
7802.2
7759.4
7783.5
7791.1
7763.1
7763.8
7751.2
7753.6
7745.0
7735.0
7717.2
7739.8
7732.3
7635.0
7652.9
7636.4
7626.6
7575.2
7526.0
7578.0
7655.1
7668.7
7659.1
7606.1
7586.9
7607.1
7611.0
7565.1
7533.7
7536.3
7575.3
7571.4
7574.0
7557.9
7560.5
7563.7
7526.1
7544.7
7546.4
7548.1
7549.9
7550.8
7549.2
7535.2
7526.3
7516.1
7507.3
7516.0
7474.2
7443.8
7454.0
7480.0
7426.0
7473.9
7454.2
7430.9
7415.0
7411.9
7417.0
7443.1
7441.1
7451.9
7442.1
7411.0
7422.6
7418.0
7412.2
7405.0
7384.1
7393.0
7391.0
7381.3
7381.2
7334.4
7281.9
7208.1
7271.8
7337.1
7337.9
7320.1
7314.9
7283.8
7246.3
7268.0
7250.4
7232.6
7212.8
8918.3
14673.8
14632.9
14575.2
14578.7
14679.9
14611.8
14343.3
14360.1
14429.1
14284.2
14237.7
14206.4
14172.5
14176.9
14083.9
14045.9
13808.0
13227.3
13850.9
13900.6
14031.8
13883.8
13754.1
13760.2
13738.0
13745.4
13535.9
13599.2
13537.7
13497.7
13558.6
13518.7
13462.8
13370.4
13383.5
12106.5
13442.0
13323.6
13275.9
13286.9
13261.8
13141.0
13051.2
13056.0
13162.2
13034.4
13092.2
12933.6
12739.9
12839.6
12850.1
12939.0
12941.7
12825.2
12807.7
12757.5
12148.6
12181.2
12664.8
12712.1
12584.2
12593.0
12623.0
12614.8
12579.0
12540.8
12547.3
12527.0
12430.8
12465.9
12435.3
12406.8
12394.6
12319.5
12298.3
12143.1
12152.2
8358.9
18119.8
18223.4
17796.3
17959.8
18223.1
18711.9
18725.0
18229.4
18906.0
18090.6
16952.3
19755.9
19747.1
19183.1
17049.8
18519.1
18733.7
18230.4
18896.9
18643.6
18203.0
17916.4
18072.1
18223.2
18229.6
17971.9
17998.2
18223.4
18778.6
18658.0
18229.0
18973.6
17923.0
17296.9
19754.3
19748.7
18936.2
17050.3
18696.1
18559.2
18227.6
18967.0
18575.0
18177.9
17916.2
18094.2
18229.6
18224.1
17946.4
18022.3
18224.3
18843.8
18595.9
18252.5
18904.2
17772.0
17509.7
19748.3
19748.3
18729.1
17050.8
18847.4
18601.7
18245.7
19013.2
18510.6
18156.0
17913.3
18122.7
18226.9
18222.5
17921.6
12595.2
10067.9
10088.0
10060.2
10134.9
10143.2
10104.1
10093.9
10093.9
10063.2
10059.2
10057.1
10014.3
9975.8
9844.5
9884.1
9905.9
9903.4
9902.9
9866.8
9827.6
9875.0
9826.0
9807.7
9815.4
9780.9
9792.3
9731.0
9713.2
9746.9
9720.8
9724.4
9662.6
9484.9
9484.0
9551.0
9649.1
9615.0
9559.9
9580.3
9500.1
8436.2
9106.2
9378.9
9483.0
9545.2
9485.3
9191.3
9472.6
9456.9
9406.2
9408.9
9395.2
9411.6
9394.2
9378.2
9396.0
9413.5
9395.4
9409.9
9377.5
9390.3
9350.2
9357.9
9322.0
9335.1
9322.1
9232.2
9298.1
9275.1
9274.6
9280.0
9249.9
9217.7
9205.5
9223.2
9149.8
9143.5
9111.2
9163.8
9147.4
9171.9
9129.0
9106.2
9095.0
9112.1
9109.0
9065.8
9037.3
9040.1
9056.3
9062.6
9053.9
9009.8
9009.3
9007.8
9005.9
9019.0
8994.0
8955.3
8948.1
8964.3
8936.7
8946.8
8952.2
8947.5
8911.1
8956.9
8852.2
8857.0
8893.1
8864.9
8873.2
8884.8
8854.1
8576.0
8834.0
8822.1
8818.4
8814.6
8777.6
8776.1
8785.5
8760.5
8764.2
8752.0
8723.1
8714.8
8700.3
8689.3
7858.1
8676.3
8613.1
8569.0
8575.1
8663.8
8643.0
8623.8
8602.1
8602.0
8596.2
8570.8
8585.0
8576.1
8546.0
8521.2
8574.9
8525.4
8524.7
8541.2
8521.6
8496.8
8500.9
8497.9
8542.2
8517.1
8488.1
8487.9
8454.0
8456.3
8433.5
8430.3
8442.0
8444.9
8393.0
8430.4
8372.5
8373.0
8378.1
8397.7
8380.3
8379.2
8320.1
8159.9
8190.8
8268.9
8338.2
8312.1
8305.0
8290.0
8294.0
8306.1
8306.9
8289.7
8265.3
8241.8
8259.1
8245.0
8211.4
8198.5
8228.2
8203.1
8222.0
8194.9
8194.9
8199.2
8193.0
8204.8
8173.3
8130.9
8179.0
8142.9
8140.2
8144.1
8129.8
8139.2
8136.8
8140.9
8084.1
8096.2
8103.8
8077.1
8073.0
8077.1
8013.7
8029.2
8063.1
8046.9
8037.9
8026.0
7996.1
8004.0
8003.2
8026.8
8003.2
8005.8
7949.4
7989.7
7958.0
7977.0
7926.9
7940.8
7893.2
7873.8
7924.5
7966.7
7906.2
7875.8
7896.0
7909.9
7876.0
7859.0
7874.0
7884.5
7829.6
7835.4
7854.4
7838.5
7820.5
7811.6
7820.0
7787.3
7782.1
7810.0
7774.7
7790.1
7783.1
7790.3
7767.1
7788.9
7786.9
7773.9
7745.0
7749.0
7742.9
7748.7
7719.2
7744.0
7722.1
7702.0
7714.9
7694.1
7670.9
7666.6
7711.4
7675.6
7658.9
7670.5
7655.9
7640.3
7651.4
7622.4
7618.1
7630.9
7643.1
7609.1
7596.9
7600.8
7589.3
7590.0
7582.7
7567.2
7539.9
7544.0
7537.6
7286.1
7554.3
7546.8
7536.1
7520.9
7499.0
7509.9
7509.5
7519.7
7497.7
7483.0
7488.1
7466.0
7481.9
7473.7
7490.1
7434.5
6879.0
7480.2
7439.6
7461.0
7443.9
7427.1
7436.0
7422.2
7412.9
7420.5
7435.2
7424.0
7380.9
7400.1
7411.2
7379.8
7360.1
7380.9
7361.9
7374.3
7357.1
7346.3
7332.2
7322.0
7289.1
7307.0
7341.1
7304.7
7320.9
11075.0
14490.3
14245.2
14100.6
14484.9
14349.3
14351.7
14294.7
14232.2
14146.4
14121.8
14092.8
14069.1
14096.2
14015.7
14104.1
14027.2
13907.9
13885.1
13866.0
13821.7
13850.0
13782.0
13777.0
13707.1
13699.0
13404.9
13219.2
13565.5
13519.2
13428.5
13384.8
13203.0
13280.1
13331.4
13304.3
13176.1
13185.9
13162.8
13135.0
13150.4
13045.9
13050.5
13015.9
12976.1
12992.1
12970.7
12921.7
12896.5
12867.1
12839.6
12814.1
12803.1
12793.4
12744.9
12745.8
12728.3
12618.0
12482.5
12420.6
12579.1
12549.2
12525.1
12438.6
12298.7
12325.3
12437.7
12406.4
12284.6
12208.2
12251.1
12333.0
12236.0
12189.8
12145.2
12134.2
12101.5
12134.2
12135.0
12105.8
12049.0
11891.1
11927.2
11888.7
11919.1
12001.0
11997.0
11855.2
11899.7
11499.5
11808.6
11790.9
11546.4
11727.7
11815.7
11770.4
11740.9
11673.9
11532.9
11520.2
11601.8
11564.2
11560.9
11578.9
11494.3
11389.8
11377.2
11449.9
11459.2
13299.7
17536.9
19298.7
19299.2
18179.3
14563.0
11298.2
11298.8
11182.0
11224.9
11206.2
11214.9
11171.6
11162.2
11178.1
11091.8
11095.2
11103.9
11085.0
11079.9
11005.9
11009.9
10970.3
10961.7
10891.1
10915.7
10874.5
10862.2
10867.9
10835.0
14790.2
18276.2
17959.9
16917.8
19059.0
19299.1
19043.7
16918.7
17969.9
18373.5
17845.5
18372.4
18291.9
17839.5
17118.3
17389.9
17839.6
17839.2
17222.2
17183.8
17840.7
18241.0
18322.5
17839.3
18330.4
17848.5
16918.4
19221.1
19298.1
18882.9
16917.6
17971.3
18333.2
17841.1
18422.2
18246.5
17839.6
17069.1
17331.7
17845.9
17818.7
17058.0
17407.7
17836.3
18536.7
17903.0
18183.6
10396.0
17185.9
18056.1
19305.0
19299.2
17333.0
17397.9
18558.8
17865.1
18173.9
18492.2
17844.0
17341.7
17160.8
17844.3
17841.3
17543.8
17045.5
17757.5
18044.7
18518.5
17839.0
18240.2
18284.1
16923.4
18571.2
19305.1
19298.5
17144.6
17633.6
18523.2
17845.7
18226.2
18437.5
17839.2
17268.9
17236.0
17839.6
17840.1
17466.4
17040.1
17844.9
18117.1
18445.6
17839.2
18313.0
18117.1
16924.0
18814.2
19305.7
19276.3
16923.9
17799.8
18451.5
17839.5
18307.4
18255.2
17845.9
17195.2
17307.6
17840.0
17845.9
17395.4
17106.2
17839.2
18180.6
18382.4
17842.4
18260.0
18000.5
16917.9
18999.7
19298.4
19104.5
16917.3
17929.0
18391.9
17845.5
18359.7
18305.0
17844.1
17132.9
17370.7
17839.4
17845.4
17333.1
17170.4
17839.3
18232.8
18329.4
17846.2
18416.2
17871.5
16917.5
19188.8
19297.8
18819.5
16917.7
18049.6
18338.0
17846.3
18407.1
18257.5
17839.3
17079.4
17426.2
17842.0
17840.3
17274.6
17131.3
17636.3
18270.6
18291.6
17840.0
18467.1
17769.6
16947.9
19305.1
19299.4
18665.4
16923.2
18144.7
18300.7
17839.3
18457.2
18213.4
17814.0
17055.7
17469.0
17845.9
17729.0
17057.6
17846.0
18384.0
17924.4
18267.4
17397.2
18354.2
19078.1
18506.5
16572.1
17930.8
18094.0
17049.5
18012.2
18055.4
17636.9
17073.2
17029.3
17055.4
17050.2
17037.6
17228.0
17845.3
18023.9
17780.9
17049.1
18384.5
17544.6
16645.9
18893.0
18899.5
18327.1
16570.5
18085.7
17976.6
17056.1
18097.3
18025.9
17796.1
17055.0
17026.0
17056.0
17049.2
17032.1
17303.9
17841.4
18057.3
17675.2
17046.1
18519.9
17375.8
16848.4
18899.5
18892.3
18122.7
16566.8
18264.3
17841.3
17056.3
18202.6
17991.3
17628.0
17050.4
17034.5
17052.3
17049.9
17038.0
17367.1
17838.7
18092.9
17579.4
17054.8
18519.8
17234.8
17016.0
18899.4
18892.9
17860.0
16567.2
18394.6
17743.1
17113.2
18223.4
17864.3
17677.3
17055.0
17032.1
17055.6
17050.2
16940.3
17404.2
17731.1
18224.1
17518.5
17242.0
18520.0
17115.4
17157.5
18899.2
18893.9
17812.4
16565.6
18526.4
17645.6
17191.3
18223.0
17939.7
17620.5
17055.8
17031.5
17055.4
17035.2
17040.9
17480.8
17759.2
18229.5
17408.2
17373.0
18520.0
16940.9
17366.8
18898.8
18893.3
17604.3
16740.8
18525.2
17514.3
17297.0
18223.0
17906.5
17554.6
16940.6
17038.2
17048.7
17038.7
17049.0
17547.0
17791.3
18129.7
17195.2
17639.0
18520.5
16587.8
17787.6
18898.9
18892.2
17090.5
17082.0
18525.5
17257.1
17502.1
18223.3
17838.4
17411.1
17031.6
17056.1
16952.3
16941.1
17049.1
17575.2
17852.2
18229.4
17124.1
17623.6
18426.3
16572.4
17916.3
18898.7
18892.8
17056.4
17201.5
18523.4
17175.9
17564.5
18200.1
17840.0
17365.5
17031.2
17050.0
17055.3
17034.4
17044.0
17742.5
17886.2
18200.1
17048.9
17860.4
18241.4
16571.6
18143.0
18893.2
18893.1
16835.0
17283.1
18523.1
17041.9
17672.7
18164.7
17839.2
17298.0
17026.7
17055.0
17049.9
17037.5
17049.8
17804.7
17915.5
18107.4
17050.0
17974.6
18094.7
16566.9
18324.7
18893.1
18893.2
16652.8
17545.2
18382.8
17055.7
17770.1
18132.4
17840.3
17225.9
17033.8
17054.1
17050.1
16939.5
17076.2
17839.5
17946.8
18015.7
17050.1
18089.2
17941.8
16567.0
18506.5
18892.4
18797.6
16566.9
17697.5
18267.8
17056.1
17862.6
18102.4
17840.0
17170.4
17036.6
17049.7
16952.9
17038.3
17131.9
17839.8
17871.2
17936.6
17050.4
18187.4
17811.7
16566.9
18662.5
18892.4
18548.0
16566.8
17816.8
18178.2
17055.2
17934.0
18078.9
17839.7
16575.7
5813.1
7602.0
7592.6
7598.4
7583.1
7557.8
7534.7
7538.0
7543.6
7526.2
7524.0
7510.2
7526.6
7527.6
7515.7
7444.0
7493.4
7479.6
7489.9
7475.0
7484.8
7488.2
7467.1
7455.6
7435.3
7405.0
7429.2
7434.7
7433.2
7410.7
7414.1
7438.2
7410.9
7404.3
7396.9
7397.0
7383.0
7367.2
7367.8
7342.1
7295.0
7294.7
7259.0
7268.3
7290.0
11109.2
14265.9
14236.7
14231.3
14111.3
14175.9
14110.2
14080.9
14043.3
14009.7
13991.3
13944.0
13904.9
13822.9
13834.6
13823.0
13835.4
13794.3
13710.8
13327.2
13696.5
13677.4
13591.2
13578.9
13527.0
13439.2
14126.8
14381.4
13434.8
13308.4
13299.5
13212.0
13231.2
13211.7
13202.7
13138.9
13113.2
13084.0
13009.9
13015.7
12973.3
12917.2
11385.0
12940.1
12869.6
12859.3
12812.1
12811.9
12743.8
12745.9
12745.0
12755.2
12659.1
12613.6
12542.3
10717.8
12415.8
12390.1
12472.0
12468.8
12425.7
12414.8
12365.4
12368.3
12301.6
12334.7
12258.8
12257.9
12225.8
12181.0
12115.2
12145.0
12099.7
12061.1
12050.1
12027.1
12044.9
12027.2
11988.0
11985.9
11944.2
11947.9
11893.2
11863.6
11855.4
11832.5
11832.9
11822.4
11790.6
11636.8
11587.2
11649.3
11693.9
11636.6
11606.1
11446.4
11399.1
11499.0
11531.8
11519.4
11468.8
11507.6
11469.6
11431.4
11394.1
11383.6
11337.8
11348.9
11320.3
11325.9
11253.9
11281.0
11242.9
11255.9
11217.4
11178.8
11201.1
11165.2
11103.1
11142.3
11098.9
11127.8
11096.5
11068.1
10901.7
10903.7
9672.3
10978.1
10962.5
10910.5
10854.0
10776.9
10641.8
10879.3
10854.3
10842.2
10811.3
10751.0
10786.1
10782.8
10724.3
10708.7
10699.7
10635.2
10605.2
10621.2
10664.1
10600.8
10625.0
10612.2
10545.9
10259.9
10531.9
10493.8
10431.2
6967.9
17266.6
17539.4
17553.6
17062.9
16768.8
17053.9
17049.8
16935.5
16742.2
17448.6
17435.9
17540.0
17049.9
17655.7
17903.4
16172.0
17748.7
18520.0
18520.5
16272.5
16875.7
