66.9
22338.1
22212.6
23664.6
23525.4
22809.9
22338.3
22339.1
22996.3
23241.2
22292.4
22500.6
22338.7
23243.2
23242.2
22272.5
22338.8
22312.6
23798.6
23935.3
22694.7
22212.3
22338.8
22699.7
23241.6
22587.6
22496.5
22461.8
22817.8
23110.1
22604.8
22339.4
22338.8
23307.5
23662.0
22903.3
22339.0
22338.3
22917.3
23244.3
22368.7
22368.1
22367.8
22723.5
23242.5
22534.5
22338.4
22339.2
22954.7
23798.7
23383.0
22217.9
22211.3
22710.3
23109.4
23085.3
22239.6
22235.4
22682.6
23242.3
22807.3
22338.6
22339.4
23053.8
23525.3
23329.0
22212.4
22338.9
22526.1
23108.9
23242.4
22381.1
22497.2
22111.2
23242.1
23241.0
22248.3
22339.6
22840.1
23798.4
23798.6
22304.3
22338.9
22120.5
23108.1
23155.9
22500.0
22497.3
22350.5
23244.5
22869.4
22343.5
21470.8
23823.8
23936.4
23760.9
22337.2
22210.8
22512.0
23241.8
22327.0
22687.2
22496.9
22576.2
23108.8
22978.6
22476.7
22340.0
22084.9
23642.5
23661.4
23214.7
22339.0
22084.9
22890.7
23109.5
22862.6
22497.5
22495.9
22904.6
22977.0
22928.3
21188.7
22211.8
23268.0
23798.6
23713.0
22079.9
22210.9
22554.3
23242.0
23050.7
22112.8
22240.1
22892.8
23244.6
22911.2
22085.2
22338.0
23666.3
23798.5
23309.7
22084.9
22338.8
22958.2
23241.4
22809.3
22236.9
22499.9
23015.7
23245.0
22765.5
22212.2
22339.6
23421.3
23938.1
22761.8
22340.7
21507.5
23685.5
23110.1
22433.4
22496.6
22496.4
23126.3
22712.8
22264.2
22212.5
22212.0
23473.3
23932.8
23133.5
22211.1
22339.9
22899.7
23109.0
22742.8
22496.1
22500.7
22945.5
23242.0
22984.8
22339.8
22338.4
22792.0
23934.3
23663.0
22249.3
22087.6
22421.6
23202.9
22445.9
21966.9
22356.4
22113.8
23242.4
23107.4
22294.5
22343.6
22525.9
23062.8
21458.5
22086.6
22195.4
22969.2
22836.1
21887.9
22014.0
21894.8
23556.1
22626.8
22339.3
21915.8
22238.7
23241.5
22263.4
22089.3
21961.4
22462.6
22837.1
22330.2
22139.6
22142.2
22608.7
23242.2
22276.9
22559.0
22012.6
22679.7
23109.7
23109.9
21634.1
21836.7
22243.0
22969.1
22969.3
21775.8
22139.0
22694.1
23242.4
22875.2
21887.5
21887.6
22348.1
22973.9
23245.5
21892.7
21836.7
22470.6
22970.0
22691.2
21133.6
22139.1
22317.2
23110.0
23242.4
22023.2
21885.8
22520.1
23109.8
23109.5
21979.6
21710.0
21872.2
22838.0
22837.4
21971.8
22138.9
22234.8
23242.4
23242.4
22106.6
22139.0
22115.1
23242.6
22976.4
22247.0
21835.7
21912.2
22970.1
22838.1
22178.9
21889.1
21901.6
23242.0
23242.3
22313.3
22140.1
21907.7
22712.8
23241.7
22591.1
21962.1
22025.0
22704.2
22971.7
22383.8
22140.0
21529.3
23242.3
22974.4
22265.8
22138.6
21982.7
23242.3
23108.9
22057.2
21836.3
21850.2
22969.5
22969.3
21982.0
22139.4
22101.0
23218.6
22977.1
22579.4
22140.4
21887.0
22858.0
23110.9
22743.2
21835.4
22086.7
22167.6
22969.3
22343.6
22140.0
22140.1
22725.8
23242.6
22780.1
22013.9
22013.7
22145.3
22580.7
22686.9
22091.5
22089.6
22466.3
22572.3
22591.5
22144.6
22143.6
22480.3
22977.6
23164.5
22139.3
22139.5
22579.4
22713.3
22977.0
22051.3
21961.0
21724.6
22580.2
22969.2
22246.2
22139.5
22474.3
22976.9
22954.7
21856.5
22140.8
21748.8
23242.2
23241.6
21833.2
21595.7
22043.0
22617.2
22608.1
21876.5
21897.5
21825.0
22837.3
22838.8
21989.9
22140.3
22421.6
23241.9
22712.2
22006.3
21596.0
21637.8
21951.9
22742.9
21958.7
21876.8
22118.1
22707.9
22838.9
21809.9
21880.0
21931.7
22574.1
22978.1
22189.0
21719.9
21610.2
22738.8
22737.4
21595.7
21752.0
22187.6
22968.6
22180.2
21779.7
21878.1
22136.3
22979.8
23239.8
21520.1
21719.6
22021.1
22609.6
22738.1
21587.5
21878.3
22044.4
22968.2
22969.7
21742.4
21878.0
21635.5
23110.3
23109.0
22036.6
21720.4
21719.8
22343.0
22608.1
22226.0
21877.1
21876.5
22633.7
22576.0
22404.9
21881.9
21124.1
22735.7
23109.5
22687.5
21719.4
21595.7
22378.6
22738.3
21711.8
21876.3
21877.2
22702.6
22968.3
22216.1
21876.9
21875.9
21952.6
23243.1
22929.4
21719.8
21596.5
22227.9
22608.9
22379.4
21628.5
21752.9
22338.8
22971.9
22681.2
21877.0
21877.3
22518.1
23238.1
22482.5
21595.9
21721.7
22359.2
22478.8
22475.1
21876.4
21877.5
22011.5
22838.8
22570.0
21876.7
21877.9
22382.8
23241.4
23242.3
21333.8
21471.4
22165.3
22738.4
22737.6
21518.9
21254.9
22198.1
22708.2
22482.2
22051.8
21627.7
22118.5
22977.8
23133.9
21596.5
21595.9
21989.8
22479.1
22609.0
21959.2
21876.5
22212.4
22438.7
22967.8
21952.1
21877.5
22122.5
22844.8
22977.2
22136.3
21719.0
21677.8
22349.4
22478.7
21400.1
21876.2
21584.1
22968.9
22969.5
22298.0
21752.3
21586.9
22977.8
23241.4
21651.9
21402.0
21416.1
22479.1
22701.7
22149.7
21877.4
21952.1
22595.3
22608.1
21930.6
21877.5
22174.2
22844.8
23065.1
21697.8
21541.2
21565.0
22558.9
22303.3
21225.4
21541.0
21693.5
22737.8
22608.9
21871.9
21877.6
21636.5
22707.9
22837.8
22239.2
21419.0
21172.5
22224.9
22431.1
21908.5
21173.3
20872.0
23025.7
22608.4
21895.2
21541.6
21109.4
22696.0
22838.2
22184.0
21545.7
21495.9
22172.1
22558.6
21301.2
21541.6
21541.1
22514.7
22609.2
21859.6
21540.4
21542.0
22598.1
22838.5
22098.8
21540.5
21419.1
22123.6
22560.2
21512.0
21541.0
21213.7
22737.8
22738.1
21464.0
21543.7
21420.0
22433.7
22838.3
22178.0
21537.9
21419.3
21699.9
22046.5
22251.4
21540.6
21541.4
22006.8
22608.3
22489.8
21418.4
21541.7
22689.2
22446.6
22277.5
21541.5
21541.3
21944.1
22302.6
22316.4
21541.7
21542.1
21992.4
22738.2
22332.5
21539.3
21539.5
21763.0
22838.2
22968.7
21389.1
21541.1
21520.5
22430.6
22452.0
21541.2
21541.8
21928.3
22737.6
22602.7
21542.5
21541.9
21886.4
22837.3
22807.4
21540.7
21417.3
21718.1
22559.8
22430.7
21404.2
21541.0
21625.3
22738.8
21827.1
21512.1
21540.9
22081.8
22967.4
22578.2
21739.5
20678.0
21121.0
22640.9
22430.6
21833.6
21541.4
20477.9
23042.0
22738.1
21939.4
21542.1
21540.8
22724.8
22838.1
21807.5
21745.1
22560.0
21800.0
21541.3
21848.0
21250.8
21541.1
21308.1
22970.1
21414.9
21544.2
21265.5
21059.2
21677.8
21633.3
22240.0
22240.3
21873.0
21746.9
20938.0
20938.7
21852.6
22014.7
21664.9
20938.5
21058.6
21963.9
21984.0
22147.4
20938.7
21059.0
21839.8
22174.2
22369.7
20938.4
21059.0
21246.6
21883.9
22033.4
20939.0
20937.4
21491.9
22366.6
22496.3
20799.1
21057.5
21596.1
22559.2
22302.9
20971.0
20938.1
21549.6
22139.6
21960.8
20937.9
21058.9
21232.9
22368.9
22237.4
20819.1
21057.9
21678.7
22431.4
22139.8
21058.9
20938.3
20905.8
22140.1
22139.9
20572.1
21058.8
21510.2
22495.3
22497.7
20889.0
21058.7
21552.4
21024.4
22810.5
21081.0
20939.1
21315.0
22014.9
21889.1
20883.8
20938.9
21282.3
22367.6
22240.4
21022.2
21058.5
21513.2
22560.2
22045.5
21189.5
21058.7
21231.0
22139.6
21887.2
21209.1
20939.0
21361.9
22367.4
22241.7
21310.3
21058.8
21302.1
22559.9
22301.9
21384.1
21058.9
21004.1
22139.2
21762.6
21321.5
21058.9
20560.6
22242.1
22240.2
21639.0
21058.4
20967.4
22521.4
22303.1
21262.0
21059.0
20705.1
22140.2
22139.0
21258.4
20938.1
20938.9
22138.9
22497.7
21571.5
20938.9
21058.7
22458.7
22174.5
21248.3
21058.0
20938.3
21733.8
22013.5
21431.2
21058.8
20938.8
21554.3
22368.2
21940.5
20818.7
21059.1
21896.4
22558.8
22144.9
21058.0
20333.8
21659.2
22014.4
21735.6
21058.3
20819.5
21721.3
22500.2
21752.8
20938.0
20938.8
22325.2
22429.8
21720.6
20818.7
21058.2
21588.5
22139.1
21581.4
21057.6
21059.3
21921.0
22368.4
21554.9
21057.9
20938.4
22092.1
22557.9
21831.0
15028.2
12579.7
12474.1
12329.0
12551.0
12518.0
12544.0
12397.0
12451.8
12611.1
12390.1
12690.0
12484.8
12467.5
12744.6
12533.4
12622.2
12455.4
12648.2
12573.0
12097.1
12705.9
12556.1
12699.9
12697.3
12081.5
12620.5
12617.2
12594.2
12676.0
12299.0
12621.1
12479.1
12562.4
12543.5
12528.3
12559.8
12710.3
12540.8
12708.0
12405.2
12761.2
14159.2
20938.3
21043.1
22173.9
22559.3
21215.0
20942.8
20783.2
21876.9
22044.8
21044.6
21000.9
21038.4
22338.4
21830.6
21479.7
20938.9
20818.0
22154.8
22104.0
21571.0
20942.5
20739.5
21877.4
21628.0
21303.4
20943.7
20822.9
21998.0
22211.6
21540.4
21058.0
20900.0
22148.8
21957.8
21573.4
20943.0
20823.6
21677.7
21628.4
21412.8
20943.5
20943.3
21904.9
22084.8
21580.8
21058.0
21059.2
22089.6
21830.9
21183.5
20823.7
20823.3
21560.2
21628.3
21499.3
20942.5
20585.6
22148.1
22084.3
21783.1
21061.2
20938.5
21892.5
21958.2
21998.8
20942.7
20943.0
21666.3
21629.8
21272.3
20943.3
20942.2
21857.4
22078.1
21684.1
20938.8
20818.9
21859.8
21829.8
21366.5
20824.8
20941.9
21441.4
21751.7
21405.2
20947.9
20945.0
21698.2
21132.8
22594.0
21058.3
21058.2
21916.7
22211.6
21480.0
20824.0
20824.1
21335.7
21753.2
21354.7
20703.7
20943.4
21940.1
22338.2
21581.0
21058.0
21057.9
21979.1
21958.1
20929.5
20824.4
20922.6
21752.8
21877.5
21114.2
20943.2
20942.9
21738.8
21957.3
21440.3
21057.3
21059.0
21758.5
22212.2
21646.7
20511.6
20612.4
20989.4
21541.6
21541.9
20515.8
20943.1
20228.4
21800.1
21877.3
20861.9
21058.8
20933.7
21752.1
21979.7
20758.8
20396.2
20519.4
21541.8
21417.9
20383.2
20511.7
20738.1
21876.0
21657.5
20513.5
20511.8
20924.1
21501.7
21794.9
20413.2
20396.2
20761.8
21541.0
21418.2
20379.2
20512.5
20755.8
21752.8
21876.3
20279.5
20511.1
20669.4
21753.2
21829.6
20385.6
20279.2
20593.3
21418.2
21339.7
20213.1
20105.9
21247.9
21753.0
21876.6
20377.2
20279.0
21127.5
21876.6
21700.9
20513.9
20395.8
20678.9
21418.4
20755.8
21124.8
20512.9
20945.9
21876.9
21877.3
20203.8
20395.6
20659.9
21701.4
21430.9
20608.3
20512.7
20716.6
21538.0
21544.4
20530.9
20512.5
20873.7
21752.8
21129.1
20559.4
20512.5
20561.6
21753.1
21503.4
20346.0
20513.2
20661.0
21540.6
21393.3
20387.5
20512.7
20733.8
21878.3
21753.5
20649.1
20512.9
20845.4
21877.3
21876.8
20505.3
20513.2
20582.1
21418.6
21418.4
20555.3
20517.0
20953.9
21877.4
21378.3
20341.2
20396.0
20750.3
21878.9
21372.1
20570.9
20277.7
20544.8
21418.1
21174.1
20787.3
20516.7
20533.2
21626.6
21623.5
21001.0
20396.1
20615.6
20881.1
21761.6
20846.7
20396.0
20510.7
21417.9
21418.3
20574.1
20511.9
20549.3
21877.1
21877.9
20482.6
20512.8
20112.5
21875.6
21880.0
20820.8
20395.5
20146.8
21541.9
21417.9
20583.9
20275.0
20180.8
21752.5
21877.9
20626.0
20512.0
20580.8
21877.4
21876.8
20943.3
20512.7
20468.6
21542.2
21540.7
20604.6
20511.9
20629.0
21881.4
21876.9
20517.1
20394.6
20823.4
21880.7
21877.5
20338.5
20396.1
20868.6
21541.4
21296.1
20335.6
20512.4
21213.0
21752.5
21753.0
20301.2
20512.7
20755.4
21502.9
21753.2
20675.3
20512.9
19298.7
22119.0
21541.4
20615.0
20395.8
20512.3
21546.1
21879.9
20965.9
20512.3
20383.0
21878.7
21753.1
20585.0
20014.0
20264.9
21444.0
21541.5
20675.6
20512.8
20662.1
21542.0
21539.3
20571.6
20278.2
20098.9
21625.3
21629.6
20732.5
20093.5
20081.9
21058.9
21058.5
20236.1
20103.2
20118.7
21541.3
21541.8
20154.1
20301.8
20447.1
21541.2
21541.1
20318.9
20093.4
20172.4
21059.1
21058.0
19954.5
20103.0
20569.5
21540.5
21541.7
19886.8
20093.2
20231.8
21540.8
21541.9
20227.2
20207.9
20097.3
20818.7
20938.3
20264.6
20103.2
20139.8
21540.7
21173.6
20415.1
20207.7
20201.3
21296.8
21541.2
20617.8
20092.8
20056.1
21055.8
21060.9
20258.5
19987.8
19991.2
21295.9
21541.0
20523.1
20093.0
20209.0
20804.8
21541.8
20581.7
20208.3
20115.9
20699.4
21058.2
20003.8
20103.6
20145.5
21050.9
21541.7
20362.3
20207.9
20169.8
21296.0
21541.1
20359.8
20208.8
19810.5
21058.4
21058.4
20276.3
20103.4
19796.3
21540.3
21538.9
20532.2
20206.9
20291.9
21546.2
21543.1
20333.3
20208.3
19604.6
21058.2
20818.4
20167.7
20103.1
20987.4
21542.1
20416.1
20208.7
20207.8
20795.8
21545.0
21156.6
20094.0
20206.9
20320.6
21059.3
20817.8
20086.3
20648.5
21419.0
21293.1
19967.3
20209.0
20769.7
21540.3
21479.7
20208.0
19859.0
20604.2
21058.8
20691.1
20098.8
19990.1
20877.6
21542.1
21223.8
20205.8
19980.5
21001.2
21541.3
21541.0
20088.3
19863.4
20533.8
21059.0
20836.9
20055.3
21144.9
21418.9
20746.0
20207.7
20161.3
21296.0
21292.7
20552.8
20208.3
20139.6
20938.4
21057.9
20321.1
20103.0
20087.2
21173.8
21541.1
20445.9
20207.4
20333.3
21051.4
21540.5
20521.3
19978.1
20328.0
20938.7
20213.1
20219.0
20103.2
20384.9
21058.1
20159.6
20727.6
20208.8
20267.2
21541.3
21295.3
19873.9
19830.0
19865.9
20512.7
20579.2
19880.2
19635.0
20002.4
21057.2
21059.2
20203.9
20207.1
20035.7
21058.1
20938.8
19909.6
19829.6
19609.9
20512.2
20045.1
19834.9
19746.8
20055.3
21057.9
20696.1
19368.2
19828.6
20048.5
21058.7
21058.5
19621.4
19717.4
19880.1
20510.1
20516.6
19650.4
19739.8
20011.9
21058.9
21058.4
19613.9
19716.9
20151.3
21058.0
20941.8
19631.3
19830.0
19973.2
20511.0
19630.9
20196.0
19746.0
20369.0
21059.0
20908.9
19576.9
19829.6
20135.1
20579.0
20938.5
20133.0
19829.9
19795.0
20162.9
20512.3
19996.9
19746.8
19845.8
20938.2
21058.8
20279.3
19491.3
19731.0
21058.0
21059.1
20254.2
19829.7
19503.6
20513.2
20512.2
19892.3
15984.4
12566.9
12563.4
12488.9
12750.9
12579.9
12631.5
12779.8
12578.0
12744.2
12123.0
20776.6
20698.4
20003.1
19829.6
19958.5
20511.7
20512.8
19720.0
19428.9
20149.5
20572.7
21057.0
19607.7
19830.0
20200.3
21058.5
21058.7
19644.1
19830.3
20049.2
20512.7
20383.2
19515.0
19751.4
20171.9
21056.0
20925.6
19605.0
19830.2
20218.1
20938.8
20991.3
19491.8
19717.0
20125.9
20396.2
20511.6
19355.2
19746.8
19877.2
21058.5
20236.4
20221.8
19829.7
20285.5
21059.4
21058.0
19456.9
19830.2
19839.9
20512.8
20191.2
19746.0
19634.2
20634.0
21058.0
20400.3
19830.4
19829.8
20649.2
21058.9
20327.1
19830.2
19830.5
20166.0
20396.4
19945.3
19746.2
19746.2
20555.0
21057.8
20198.7
19830.3
19829.6
20501.2
21057.8
20476.6
19829.8
19717.2
20225.4
20512.8
19973.6
19746.0
19746.5
20680.9
20938.6
20353.1
19831.9
19716.7
20568.9
21059.8
20597.7
19831.1
19835.7
20193.3
20512.0
19876.4
19633.5
19746.7
20803.1
21058.3
20349.9
19834.0
19832.3
20463.5
21058.2
20367.9
19717.2
19718.2
20079.1
20516.0
19973.1
19745.8
19746.2
20502.8
20866.9
20274.2
19829.9
19830.0
21024.0
21057.9
20002.8
19561.2
19791.7
20231.2
20444.2
19753.1
19628.5
19638.6
20743.6
20744.0
20205.0
19829.5
19830.2
20958.0
20818.8
20262.7
19224.9
19672.7
19593.6
20344.4
20025.1
19243.9
19578.0
20296.1
20746.0
20339.8
19355.1
19429.6
20597.3
21059.3
20291.8
19449.0
19671.9
20272.1
20345.0
19869.0
19357.4
19750.8
20743.0
20625.9
19728.8
19355.0
19964.7
21058.3
20939.0
19897.9
19560.3
19669.2
20344.6
20128.2
19579.1
19355.0
20118.7
20625.0
20743.2
19583.5
19021.2
20104.2
20938.7
20818.2
19768.6
19337.0
19803.5
20344.2
20344.1
19646.0
19350.3
19889.5
20624.4
20744.3
19519.3
19578.2
20020.5
21057.7
20819.3
19732.4
19449.2
19580.0
20343.5
20344.8
19458.9
19577.5
19862.7
20625.8
20558.1
19577.0
19580.5
20039.8
20578.9
21058.7
19611.0
19672.8
19577.7
20228.3
20236.9
19578.0
19578.6
19454.8
20744.3
20401.6
19577.5
19578.4
19884.9
21057.5
20609.6
19220.8
19673.3
19563.0
20344.9
19680.0
19244.4
19578.8
19754.0
20344.7
19944.1
19578.3
19578.8
19957.1
20644.6
20647.8
19148.1
19147.7
19369.4
19832.0
19682.8
18549.2
18338.0
19361.3
20344.2
19833.4
18629.0
19576.6
20061.9
20396.0
19861.5
19147.6
19188.4
19493.2
19945.3
18981.7
18443.9
17842.5
20344.8
20344.3
18890.8
18548.9
18300.9
20395.9
20512.3
19785.4
19147.6
18708.4
19491.4
19832.2
19227.0
18549.9
18549.1
20049.3
20342.7
19222.9
18552.2
18579.4
20395.9
20512.1
19602.0
19147.9
19109.8
19945.1
19832.6
18757.1
18549.0
18650.3
20228.4
20344.5
18727.4
18549.6
18942.3
20512.7
20511.2
19014.8
19148.2
19332.7
19946.2
18951.6
18994.2
18550.1
19094.3
20345.0
20228.1
18430.0
18549.1
19334.7
20512.0
20512.2
18398.0
19147.9
19143.7
19718.2
19832.6
18581.3
18549.1
19103.1
20344.8
19994.9
18549.0
18549.6
18955.0
20511.7
20419.7
19147.9
19148.2
19189.0
19945.0
19946.2
18444.9
18548.7
19186.3
20344.3
20124.0
18549.0
18549.9
19592.9
20512.0
20410.5
19147.8
19147.5
19281.2
19945.9
19574.8
18549.2
18547.6
19613.6
20344.8
19592.2
18548.9
18548.3
19879.5
20396.0
19809.5
19149.2
19146.0
19740.2
19945.9
19231.2
18126.8
18549.2
20219.9
20229.4
19568.8
18232.0
18549.8
19702.1
20512.5
19808.4
19147.4
19148.1
19392.8
19948.7
18957.6
18551.2
18875.3
20344.9
20344.0
18607.1
18444.8
19112.3
20512.9
20512.1
19249.9
19147.7
19181.0
19831.8
19945.8
18668.0
18443.8
18880.5
20345.0
20348.4
18492.3
18549.4
19071.7
20395.3
20162.3
19194.4
19147.8
19340.6
19943.7
19949.9
18428.8
18549.2
18853.4
20343.9
20344.9
18629.5
18549.6
19225.1
20395.8
20513.0
18988.1
19148.0
19298.9
19943.3
19950.0
18382.2
18549.8
19280.7
20229.1
20223.4
18232.5
18549.5
19145.0
20512.4
20396.3
19088.4
19147.8
19418.4
19944.7
19943.0
18355.1
18548.9
19261.7
20345.3
19593.0
18548.9
18550.2
19523.7
20512.3
19678.1
19147.7
19148.0
19721.3
19945.2
18649.6
18549.4
18605.6
20026.2
20348.6
18877.5
18546.8
18794.8
20395.8
20276.9
19119.1
18774.4
19197.3
19685.7
19946.3
18544.6
18521.9
18741.1
19945.9
19945.6
18459.5
18549.3
18566.9
20207.9
20273.8
18928.5
18549.9
18548.3
19620.1
19620.6
18328.7
18549.8
18859.7
19831.0
19833.1
18275.0
18525.0
19390.7
20093.6
19978.5
18338.3
18549.0
18859.3
19619.6
18909.0
18549.2
18549.5
19418.9
19832.8
19177.0
18548.9
18549.8
20081.5
20208.3
19332.6
18443.6
18549.7
19429.9
19620.7
18652.4
18549.5
18599.3
19945.9
19945.6
18777.4
18550.1
18549.0
20075.0
20207.9
19018.3
18548.7
18338.9
19367.0
19620.2
19217.0
18549.7
18337.9
19734.2
19945.9
19245.2
18549.1
18233.0
20085.4
20207.5
19250.2
18548.5
18359.4
19508.7
19619.7
18693.4
18549.0
19001.9
19721.4
19943.9
18600.7
18550.1
19212.6
19863.0
20208.3
18777.1
18549.2
18769.9
19620.1
19619.6
18459.9
18549.4
19079.8
19945.3
19720.5
18229.2
18551.6
19571.2
19977.7
19256.0
18443.9
18549.2
19146.9
19620.6
19042.1
18444.1
18548.8
19562.6
19945.6
19072.9
18549.5
18549.6
19598.8
20207.6
19420.5
18550.1
18549.3
19348.8
19619.9
18804.1
18232.8
18551.5
19833.3
19944.4
19074.6
18339.5
18599.7
20207.9
20208.8
19398.0
18338.0
18460.5
19619.5
19620.2
19013.1
18549.1
18433.4
19832.7
19144.8
18943.8
18549.2
18680.1
20092.7
19863.4
18955.9
18549.7
18762.2
19619.9
19620.4
18319.2
18549.7
18667.8
19718.4
19683.0
18570.6
18549.1
18726.6
19978.5
20092.8
18694.0
18444.0
18771.5
19507.6
19620.8
18600.8
18549.3
18642.1
19838.8
19640.9
18549.3
18549.4
19455.4
20093.0
20047.0
18444.1
18528.9
18641.3
19404.9
19037.1
18308.9
18419.9
19349.6
19633.0
19033.8
18336.7
18583.2
19718.7
19945.8
18973.3
18233.5
18523.6
19147.1
18821.3
18387.4
18276.0
18484.0
19745.9
19521.3
18162.8
18217.3
18808.3
19945.9
19832.5
18533.6
18548.7
18573.1
19146.2
19038.9
17915.7
17964.6
18603.8
19745.8
19634.1
18266.3
17768.6
18657.3
19946.0
19945.9
18641.2
18338.2
18745.6
19147.2
18373.7
18630.6
18276.7
18689.3
19749.9
19061.2
18182.1
18182.0
19286.6
19832.6
19303.5
18444.4
18443.7
18969.1
19038.7
18431.1
18276.8
18276.2
19560.2
19746.9
18724.9
18182.3
18182.2
19786.6
19945.7
18947.3
18548.7
18484.5
19148.6
18929.2
18392.7
17963.9
18420.1
19746.8
19745.1
18246.3
17871.6
18859.1
19945.1
19945.8
18528.2
18021.9
18648.0
19148.4
19148.5
18274.1
18067.9
18772.5
19745.9
19746.8
18213.8
17914.4
18841.5
19834.0
19945.7
18596.3
18232.9
18628.5
19148.2
18718.1
18276.7
17963.7
19450.5
19746.3
19025.6
18078.4
17763.8
19561.6
19831.7
19373.1
18549.7
18338.1
19074.7
19039.0
18406.1
18277.1
18108.9
19633.3
19634.3
18483.1
18182.1
18319.0
19945.6
19831.5
18742.7
18549.1
18491.8
19038.1
19070.4
18276.7
18276.2
18336.1
19299.1
19746.5
18098.0
18182.1
18741.9
19831.2
19859.9
17974.2
18250.4
18261.4
18786.9
18745.7
17771.8
18126.4
18767.3
18926.2
18837.8
18186.3
18182.7
18897.4
18820.2
18988.4
18076.9
18077.2
18185.8
18338.1
18281.9
17772.5
17772.8
18945.7
18929.7
18319.1
17772.2
17987.0
19147.1
18930.1
18257.8
18076.8
18137.7
18549.4
18443.6
17859.0
17670.7
17974.4
19148.5
19147.8
17739.1
17772.6
18072.7
19148.2
19038.9
17982.3
18080.4
18241.4
18548.7
18549.5
16976.8
17164.8
18551.4
19147.6
18742.6
17773.2
17671.0
18655.5
19147.8
18485.1
18076.8
17552.8
18613.0
18545.7
17846.0
17772.1
17802.7
19147.5
19147.6
18156.4
17771.5
17440.0
19038.9
19147.0
18295.4
18077.1
17998.8
18549.4
18549.5
17890.8
17773.1
17836.0
18928.9
19148.4
18092.9
17776.1
17883.8
18813.9
19039.2
18382.0
18077.1
18023.1
18332.8
18337.6
17846.5
17570.5
18455.7
18929.8
18853.8
17570.0
17569.9
18246.3
19148.6
18750.7
18077.4
17974.1
18309.2
18549.2
17911.8
17772.1
17772.8
18671.0
19147.7
18358.5
17772.5
17773.4
18830.8
19147.3
18598.8
17973.9
17973.8
18403.9
18548.9
17853.1
17773.2
17512.9
19148.0
19147.3
17938.9
17772.8
17767.0
19147.8
19148.3
18092.0
18075.9
17996.0
18514.2
18343.8
17670.9
17773.2
18338.2
19148.3
19034.7
17771.8
17671.7
18475.2
19147.9
18936.3
18077.0
18076.7
18225.1
18430.3
17737.9
17671.2
18462.9
18821.1
18793.0
17772.6
17772.2
18615.0
18930.1
18411.3
18077.0
18077.0
18503.5
18333.0
17733.1
17368.1
17772.7
18965.5
19147.6
18104.0
17469.0
17740.0
19148.0
19147.8
18561.4
17767.8
18077.1
18441.1
18127.0
18094.2
17772.8
17906.7
19147.7
18820.5
18013.8
17671.3
18013.0
19147.9
19038.8
18096.2
17671.7
17637.4
18548.9
18550.0
17747.1
17552.1
17905.6
19147.5
19148.0
17611.2
17772.0
18147.7
19147.9
18536.6
17671.8
17772.2
18217.6
18549.3
17943.4
17553.5
17794.4
18820.4
19147.9
17473.0
17353.0
17285.5
19038.5
19147.7
18193.4
17775.1
17737.8
18548.9
18443.7
17436.3
17552.7
17916.4
19147.8
19148.1
17509.0
17352.9
17850.2
19147.9
19147.8
17511.2
17772.8
18219.5
18444.5
18285.3
17251.5
17552.4
18776.8
19151.9
18208.2
17056.0
17352.9
18863.1
19147.2
18514.7
17570.2
17773.0
18276.8
18549.3
18107.7
17253.0
17551.8
19045.4
19038.8
17666.1
17154.8
17999.9
19148.2
18932.9
17670.8
17772.7
18007.4
18549.4
18130.1
17550.7
17554.9
18277.3
19147.9
18417.3
17352.6
17352.2
18384.8
19146.4
18341.6
17772.3
17750.9
18179.3
18549.4
17975.2
17552.1
17562.0
18820.9
19147.2
17915.0
17352.7
17422.7
18707.7
19146.8
17969.1
17772.2
17632.3
18546.9
18549.7
17044.9
16785.9
19598.5
19147.0
18263.5
16661.2
16777.9
19483.3
19147.1
18450.0
17772.5
17780.2
18444.1
18549.8
17764.0
17352.6
17783.6
18710.0
19147.3
17410.9
17155.9
18285.4
19146.3
18631.3
17552.9
17458.4
17612.0
18239.7
18064.2
17090.5
17476.2
18217.4
18549.5
17461.3
17352.9
17559.5
18443.2
18338.1
17457.2
17552.2
17708.9
18076.9
17873.5
16896.5
17089.8
18070.0
18548.7
18089.4
16919.8
16823.5
17866.1
18443.5
18358.1
17552.2
17352.0
17922.1
18077.1
17662.9
17090.4
16798.3
18328.1
18324.9
17824.5
17017.4
17058.8
18444.0
18232.2
18064.1
17552.2
17552.4
17926.7
18077.9
17282.9
17090.2
17072.5
18550.1
18549.1
16859.8
17016.2
17695.3
18549.1
18451.9
17252.9
17552.1
17858.7
18077.9
17804.7
16895.3
17089.1
18006.1
18549.9
17919.0
16726.1
17017.1
18003.8
18547.0
18070.1
17352.2
17571.9
17974.1
18076.7
17086.8
16897.2
17656.0
18548.9
17934.6
17456.7
17017.2
17327.3
18338.0
18379.2
17552.4
17551.6
17565.6
18077.3
17988.3
17090.7
16992.8
17584.2
18549.3
18119.8
16919.5
17016.5
17895.3
18549.1
17906.6
17552.1
17552.0
18014.9
18077.1
17066.7
17089.3
16959.6
18443.7
17903.0
17470.3
17015.9
17768.9
18443.2
18274.9
17253.0
17551.6
17925.0
18076.6
17725.2
16895.5
17089.9
18022.9
18550.3
18144.5
16822.6
17017.0
17870.5
18548.7
18443.7
17359.8
17551.7
17806.2
17973.5
17768.4
16895.7
17010.3
18181.9
18073.3
17207.7
16726.0
17513.2
18229.3
18337.9
16912.1
17016.8
17226.3
17552.7
17267.2
16564.6
16753.9
17747.8
18076.2
17641.9
16272.5
16758.5
17735.3
18276.4
17559.5
17017.4
16503.3
17552.2
17552.2
16884.7
16754.2
16829.4
17768.1
18183.3
16205.3
16272.2
17176.3
17964.5
18276.7
16969.1
17016.5
16870.7
17555.2
17253.5
16754.5
16658.4
17694.0
18078.8
17338.0
16271.8
16271.6
18178.8
18276.5
17355.1
16919.4
17023.5
17552.3
17552.0
16686.0
16659.0
17045.9
18077.7
17992.1
16086.9
16271.3
17174.0
18173.0
18167.1
16629.1
16920.8
17039.2
17551.7
17315.3
16753.5
16745.2
17872.0
18181.2
17173.4
16271.4
16270.8
17880.4
18276.7
17516.5
17016.4
16997.2
17354.1
17551.2
16940.0
16755.0
17078.8
17974.8
17990.8
16270.9
16271.4
17198.7
18172.2
18002.1
17016.0
17017.8
17287.5
17352.6
17278.0
16754.8
16659.1
17833.1
17871.1
17066.8
16179.2
16211.8
18245.9
18069.0
17439.1
17016.1
17157.1
17551.6
17352.9
16736.4
16754.0
17453.3
18182.6
17790.5
16275.3
16178.2
17515.0
18276.0
17800.6
17016.3
16920.0
17067.2
17352.0
16893.7
16754.3
16590.9
18260.3
18181.6
16496.9
16271.2
16548.9
18276.7
18152.7
17013.8
17016.9
17224.0
17252.7
17307.2
16752.8
16755.6
17750.4
17871.1
17586.1
16274.0
16274.1
17544.9
17755.8
17839.3
17016.9
16920.0
17370.1
17352.1
17070.6
16564.2
17044.2
18182.4
18006.0
16271.4
16085.5
17055.1
18172.3
18069.2
17000.8
16822.1
17138.0
17552.0
17334.8
16752.1
16754.0
17472.2
18182.0
16929.7
16271.1
16147.2
17932.3
18172.5
17436.9
16920.7
16968.7
17549.3
17555.7
16705.9
16563.4
16783.3
17872.2
18181.3
16717.7
16268.1
17080.7
18172.3
17964.3
16997.1
17016.1
17252.5
17552.7
16759.3
16852.6
16755.1
17747.0
18182.1
17177.8
16051.2
16229.1
17997.1
18276.6
17221.8
16629.5
17002.8
17552.1
17551.3
16743.1
16468.3
17580.3
18181.7
17278.0
16271.3
15894.6
17641.8
18171.7
17157.9
16755.0
16960.6
16978.2
17552.3
16769.0
16480.8
16732.0
17672.2
17771.9
16460.0
16270.7
16239.3
17641.1
17962.7
17127.7
16757.7
16651.1
17089.5
17005.4
16086.6
16271.0
17133.1
17772.6
16934.9
16061.2
16328.8
17644.0
17746.4
16697.6
16754.2
16662.7
17090.2
17090.8
16265.6
15993.0
16815.6
17772.9
17372.4
16062.4
16062.0
17308.1
17951.3
17504.9
16755.0
16753.8
16778.5
17089.7
16422.3
16271.8
16218.7
17671.9
17506.5
15969.8
15879.0
16611.7
17953.3
17954.9
16697.2
16755.8
16595.2
17091.0
16732.5
16271.1
16271.3
17247.9
17772.2
17269.9
16059.9
16063.1
17120.9
17951.0
17411.8
16754.0
16754.7
16809.0
17089.0
16555.3
16271.1
16622.8
17368.2
17772.6
16087.9
16061.5
17212.1
17541.8
17629.5
16754.5
16754.3
16862.5
16701.1
16546.0
16272.3
16271.2
17227.7
17773.2
16877.9
16060.9
16061.3
17390.4
17848.3
17215.1
16754.2
16606.4
17090.2
17090.9
16000.1
16270.2
17082.0
17772.6
17230.4
15788.1
16060.9
17807.0
17950.8
17047.8
16469.2
16624.9
17090.4
16963.6
16178.2
16086.8
17315.1
17772.1
16862.9
15878.9
16061.4
17067.6
18173.5
17223.7
16755.4
16372.5
16796.1
16798.9
16668.5
16270.7
16271.8
17622.7
17772.8
16419.4
16061.2
16099.5
17950.7
17951.3
16806.0
16753.8
16840.1
17088.2
16914.9
16085.9
16271.1
17208.1
17671.3
16771.7
15878.4
16376.7
17691.8
17950.9
16682.2
16178.0
16574.9
16862.8
16722.9
15828.2
16174.3
17099.9
17254.2
16447.8
15425.1
15873.8
17427.3
17551.7
16668.6
15991.4
16247.3
16754.4
16754.3
16262.2
15878.9
16027.6
17354.6
17352.1
16195.6
15698.6
16292.7
17551.8
17552.5
15796.0
16087.1
16287.0
16754.1
16422.5
16061.2
16061.9
17089.9
17253.0
15864.0
15788.4
16068.6
17552.3
17551.8
16496.1
16271.3
16354.0
16754.6
16567.1
15786.4
15969.6
17066.9
17351.9
16588.2
15518.8
15818.3
17552.8
17550.4
16449.8
16260.3
15968.2
16754.3
16755.0
16197.8
16060.9
16261.1
17352.9
17213.8
15609.2
15787.6
16821.7
17552.0
16928.9
15808.1
16210.1
16754.2
16754.5
16074.9
16061.1
16116.1
17354.3
17254.4
15880.1
15789.1
16301.1
17252.1
17451.6
15991.5
15993.8
16492.1
16564.5
16382.4
16061.1
16142.0
17352.6
17154.6
15706.3
15788.4
16924.9
17552.0
17218.0
16272.2
16085.9
16480.9
16754.9
16491.7
15787.1
16061.6
16706.9
17353.0
16596.9
15788.9
15788.2
17138.0
17451.6
16771.3
16179.1
16239.0
16754.7
16753.5
15877.4
16061.5
16787.5
17356.2
16813.2
15609.8
15789.1
17213.2
17551.9
16694.3
15808.6
16342.0
16558.3
16758.5
15661.9
16062.2
16532.2
17353.0
17106.8
15791.1
15791.1
16936.2
17551.8
16807.2
16270.9
16179.4
16406.5
16754.9
16223.3
16060.1
16469.8
17155.1
16554.6
15789.3
15792.0
16826.9
17553.9
17042.1
16252.0
16270.8
16458.9
16754.8
16182.0
15970.1
16061.3
16982.7
17352.3
16171.7
15788.9
16097.4
17053.7
17152.3
16122.8
15956.5
16043.2
16275.9
16369.0
15787.3
15585.8
16843.2
17020.3
16112.7
15420.6
15376.5
17091.2
16993.8
16196.1
15956.9
15739.2
16271.2
16191.7
15787.5
15789.5
16469.2
17016.7
16017.6
15421.7
15687.2
16895.8
16872.7
15956.3
15956.4
16127.3
16086.2
15781.1
15789.8
15745.3
17016.6
17017.3
15521.8
15421.0
15462.3
17093.0
17094.1
16052.8
15956.1
16088.8
15993.8
16271.2
15715.5
15789.0
16501.9
16822.8
16201.0
15421.2
15420.9
16429.9
17090.1
16280.0
15957.0
15866.1
16270.9
16271.8
15814.0
15609.4
15886.9
17016.9
16540.0
15421.2
15420.6
16600.8
17090.4
16394.9
15864.0
15958.1
15948.1
16271.3
15929.1
15791.5
15994.1
16920.3
17016.8
15656.7
15421.1
15985.6
16798.6
16992.0
15941.3
15956.6
16086.9
15994.5
16031.3
15789.0
15724.4
17016.9
16823.3
15575.7
15421.2
15995.6
17089.8
16789.1
15956.4
15956.6
16124.9
16271.2
15739.7
15788.6
15378.7
17017.2
16919.0
15941.0
15421.3
15555.4
17090.3
17089.7
16052.1
15957.0
15909.2
16270.6
16272.1
15754.8
15789.6
16311.3
17016.4
16230.0
15420.5
15076.9
16992.8
17091.0
16163.3
15956.3
15953.3
16271.8
16212.1
15605.1
15790.7
16534.3
17017.0
16190.8
15420.2
15421.5
16612.6
16993.6
15948.1
15829.3
15978.2
16178.3
16140.4
15588.7
15789.3
16401.0
16540.0
15847.8
14973.2
15513.8
16754.1
16708.8
16066.3
15557.9
15627.9
16062.1
15874.0
15353.6
15421.3
16057.8
16753.0
15657.2
14885.8
14885.6
16205.5
16755.9
15726.0
15558.2
15652.7
16060.9
15894.0
15156.8
15422.5
16417.9
16753.4
15879.6
14630.9
14885.9
16360.9
16754.4
16221.1
15381.8
15468.3
15997.1
16061.7
15594.6
15245.4
16073.8
16659.0
15984.0
14885.1
14919.7
16563.3
16658.8
15584.7
15556.9
15488.5
16061.3
15875.2
15421.5
15421.3
16157.6
16754.7
15545.4
14885.2
14953.4
16464.5
16658.1
15962.2
15379.7
15437.5
15878.9
16061.0
15386.5
15422.4
16038.3
16563.4
16100.4
14886.1
14885.8
16443.0
16658.9
16139.3
15557.5
15627.2
16061.9
15679.3
15402.9
15422.0
16367.6
16754.5
15965.2
14632.3
14801.2
16153.3
16753.7
15559.5
15557.7
15253.9
16061.2
15878.8
15301.0
15422.0
15969.9
16659.2
16125.9
14801.1
15028.9
16658.7
16755.0
15705.4
15291.8
15736.5
16062.7
15909.3
15424.4
15157.2
16396.6
16755.6
15638.6
14886.8
14844.5
16751.8
16758.0
15652.8
15557.2
15488.2
16061.6
15882.1
15421.0
15421.3
16205.0
16753.4
15572.1
14885.4
14993.8
16659.2
16754.9
15905.2
15469.7
14236.2
15904.7
16061.5
14845.8
15420.9
16310.9
16753.8
16221.6
14716.3
14886.1
16290.9
16464.9
16011.2
15380.1
15610.8
16061.9
16060.6
15412.7
15246.1
15518.3
16564.2
16078.4
14886.0
14885.2
16660.9
16659.0
15977.7
15379.5
15366.6
16060.9
15922.0
15421.3
14848.1
16350.9
16563.9
15128.2
14802.1
15037.8
16475.2
16753.6
15189.1
15221.1
15361.7
15788.0
15688.1
15222.0
14788.9
15919.1
16275.0
15345.1
14760.1
14605.2
15979.8
16271.8
15551.3
15221.7
15312.2
15608.8
15641.2
15221.4
15222.2
15967.3
16179.3
15536.5
14760.3
14947.9
16086.1
15896.4
15215.9
15047.5
15445.0
15788.9
15344.4
15222.0
15221.9
16187.5
16271.3
14967.1
14759.1
14970.6
16272.2
16271.0
14808.7
15220.4
15467.1
15791.8
15355.1
15221.9
15042.7
16085.9
16271.6
14729.8
14760.2
15751.2
16270.7
15800.0
15222.1
14961.5
15691.6
15790.8
15232.2
15222.8
15096.2
16269.6
16089.2
14808.5
14591.2
15023.1
16271.3
16058.7
15221.4
15221.5
15292.2
15787.7
15360.4
15221.6
15479.2
16085.8
15524.4
14675.8
14759.2
15280.0
16086.0
15988.5
15306.4
15049.0
15539.3
15608.7
15394.4
15221.5
15221.4
15958.6
16179.8
15176.4
14759.8
15136.0
16085.9
16106.2
15049.7
15221.5
15612.0
15788.9
15023.6
15221.3
15393.4
16271.9
15305.1
14761.8
14738.7
18892.8
23241.7
22652.1
22191.3
22339.3
22892.4
23662.6
23661.4
22367.5
22212.4
22653.9
23241.8
22934.5
22241.0
22368.3
22554.8
23242.2
23025.4
22084.9
22339.6
22869.9
23798.7
23935.0
22136.9
22212.1
22200.3
23242.4
22977.0
22248.0
22367.9
22241.3
23109.8
23109.0
22227.5
22339.5
22766.6
23934.2
23798.4
22475.1
22211.7
22431.6
23109.2
23110.3
22277.8
22500.0
22619.7
23109.1
23242.2
22192.4
21830.8
22884.9
23661.4
23934.9
22514.6
22085.2
22257.1
23109.6
22977.1
22581.8
21983.8
22423.6
23241.5
23242.6
22541.2
22212.0
22419.1
23934.8
23935.2
22686.2
21955.8
22216.1
23108.6
23243.0
22489.3
22496.9
21970.9
23275.2
23242.6
22445.2
22339.3
22280.7
23773.8
23935.3
22750.7
22339.5
22175.4
22977.5
23110.1
22655.6
22496.4
22509.6
22844.9
23109.5
22181.6
22209.6
21849.9
24036.1
23799.1
23081.3
21830.1
22077.9
22611.4
23110.1
22718.7
22497.1
22368.2
22779.6
23241.1
22805.9
22340.2
22339.6
23311.2
23935.2
22901.0
22080.5
22070.4
22848.9
23241.5
22877.9
22498.9
21888.5
23242.0
23242.1
22665.1
22344.2
21951.1
23801.8
23933.0
23174.0
21956.0
22339.9
22305.1
23242.0
23036.6
22496.3
22496.4
22720.3
22214.5
23600.7
22293.1
22338.5
22772.6
23935.7
23526.3
22370.0
22211.8
22448.8
23241.9
21986.1
23070.0
22496.9
22404.5
22976.4
23242.8
22368.9
22339.3
22289.4
23798.4
23934.0
22453.6
21450.4
22211.0
22985.7
22662.1
23252.6
22496.5
22496.5
23162.6
22712.6
22347.6
22335.1
22477.7
23934.9
23525.8
22548.1
22339.1
22341.9
23243.2
22839.9
21943.1
22368.6
22486.5
23109.6
23242.2
22512.5
22337.6
22138.7
23799.1
23661.8
22483.3
22338.9
22187.9
23241.8
23242.0
22490.4
22496.7
22321.9
23242.9
23246.0
21159.8
22931.1
22477.4
23797.6
23935.7
22667.9
22212.3
22292.9
22935.8
23108.3
22799.9
22496.3
22496.4
22899.9
23242.4
22726.9
22335.2
22340.8
22828.4
23932.7
23526.8
22157.3
22087.1
22742.0
23128.4
22810.1
22106.2
22377.5
22458.0
23109.4
22793.0
22338.8
22339.4
23207.2
22428.1
21835.7
21835.0
22608.1
22968.4
22573.0
21887.8
22013.8
22957.5
23241.3
22446.1
22048.9
22013.1
22738.0
23109.1
22387.0
21838.8
21961.1
22630.9
22968.9
22295.5
22139.7
22139.9
22743.6
22977.0
22329.3
21887.1
22140.0
22907.2
23241.7
22905.6
21835.3
21836.3
22151.1
22837.7
22594.6
22135.1
22018.7
22786.7
23110.1
22531.0
22140.2
22139.1
22585.9
23241.6
22660.1
22086.9
21960.7
22256.1
22969.1
22549.8
22013.5
22139.6
22455.6
23245.8
22848.9
22141.6
21887.5
22660.9
23110.7
22713.7
22087.2
22086.7
21945.1
22703.3
22373.7
22014.1
22139.1
22628.3
23242.5
22808.8
22136.3
22141.1
22385.4
23241.6
22981.8
22087.4
21961.3
22238.6
22838.0
22703.8
22138.0
21511.6
22553.3
23242.3
23014.8
22140.2
21887.9
22560.3
22977.1
22580.9
22065.9
21352.0
22409.1
22968.6
22969.3
22113.3
22139.5
22414.1
23240.8
22973.2
22139.7
22138.8
22251.5
23110.0
22924.0
22087.3
22087.6
22180.6
22838.3
22837.9
22059.6
22139.2
22232.7
23242.8
23240.9
22411.5
22140.2
21801.5
23111.2
23107.6
22558.5
21835.2
21631.8
22838.4
22445.4
21658.2
22012.8
22139.6
23241.3
23242.4
22272.4
22139.6
22139.9
22401.7
23109.3
22390.5
22087.6
21214.8
23402.1
22974.5
22408.9
22139.4
22013.9
22503.1
23241.4
22247.1
22140.1
21821.8
23153.3
22844.9
22785.7
21961.6
21913.0
22221.3
22967.6
22762.2
22139.9
22140.1
22628.2
23243.0
22378.7
22139.9
22139.2
22703.9
22579.7
22897.9
21595.2
21724.6
22313.6
22350.0
22501.1
22059.3
21753.4
22632.6
22706.6
22748.0
21123.5
22645.8
22714.7
23241.4
22913.5
21721.3
21471.9
22301.2
22479.6
22075.8
21878.1
21876.8
22433.2
22969.6
22544.7
22021.2
21627.8
22249.3
23109.3
22604.4
22019.7
21719.8
22191.1
22609.3
22191.9
21180.0
22201.1
22665.3
22968.8
22482.6
21878.3
21627.5
22908.8
23241.0
22304.9
20690.8
21882.0
22474.2
22738.0
22436.5
21877.3
21752.3
22547.6
22968.4
22699.7
21876.1
21505.3
22395.9
23109.9
23241.4
21819.5
21472.3
21816.9
22737.9
22479.1
21690.3
21503.5
22037.1
22519.3
23418.7
22013.0
21876.8
22069.4
23241.8
22976.9
22040.8
21716.5
21890.6
22607.9
22479.6
22028.4
21882.4
22057.0
22840.9
22576.7
21666.3
21874.7
22071.8
22712.1
22977.5
21408.9
21725.2
21699.7
22738.0
22738.2
21963.6
21753.0
21919.6
22780.9
22895.9
21644.4
21752.8
21909.9
23109.6
23241.7
21906.5
21472.7
21686.1
22608.4
22737.8
22079.8
21752.0
21802.8
22968.1
22838.8
22060.5
21877.5
21794.6
23241.8
23241.7
22368.6
21473.4
21472.6
22651.2
22738.4
22223.8
21876.8
21802.6
22707.0
22839.0
22346.8
21876.8
21749.5
22712.7
23242.9
22188.1
21719.7
21720.1
22156.6
22738.3
22354.0
21878.1
21877.5
21969.1
23410.7
22059.6
21877.2
21876.7
22851.8
23109.9
22562.9
21718.9
21472.4
21574.5
22609.1
22433.5
21627.1
21753.3
22372.9
22631.0
22434.2
21752.7
21876.5
22697.2
23242.3
22714.5
21720.4
21538.9
21980.4
22608.0
22100.0
21752.8
21877.2
22555.7
22731.5
22300.8
21503.0
21878.0
22928.3
23182.3
22185.0
21295.9
21541.3
22255.0
22559.7
21791.8
21450.1
21510.4
22238.3
22738.5
22119.1
21752.7
21877.4
22512.7
22568.1
22707.5
21445.3
21419.0
21796.8
22174.3
21979.4
21541.7
21541.1
21968.3
22737.8
22537.4
21526.2
21541.4
22192.3
22707.5
22758.1
21540.7
21542.3
21852.2
22559.6
22440.5
21418.5
21418.8
21808.1
22738.1
22436.9
21541.1
21541.2
21800.0
22835.8
22776.4
21542.0
21541.2
21485.7
22431.4
22156.1
21173.2
21295.8
21785.6
22737.7
22460.5
21541.1
21540.7
21492.4
22968.5
22445.2
21596.0
21541.0
21801.4
22302.5
22296.8
21625.7
21541.1
21674.8
22738.0
22350.3
21759.8
21540.2
22149.0
22969.1
22838.7
21735.2
21419.4
21842.1
22174.1
22045.8
21674.3
21541.8
21810.7
22218.4
22215.3
21501.6
21418.4
21424.2
22707.6
22706.8
21750.2
21417.9
20731.9
23153.5
22431.0
21867.6
21541.0
21677.9
22479.5
22737.3
21672.5
21540.0
21660.2
22838.5
22968.8
21611.5
21541.3
21269.3
22563.6
22430.2
21596.0
21542.0
21483.0
22738.7
22220.1
22001.8
21541.3
21492.1
22577.0
21949.4
22975.2
21541.6
21418.5
22078.6
22560.0
21968.6
21541.5
21541.8
21898.9
22743.2
22131.0
21419.7
21539.1
22312.8
22838.4
22472.1
21295.9
21858.1
21724.5
21419.1
21541.4
21802.8
21540.9
21173.3
22621.9
22142.8
21544.3
21537.6
20621.1
21212.1
21666.1
22187.8
22496.0
21584.9
22430.6
21258.5
21057.4
21166.0
21880.4
22142.7
21043.5
20939.3
21223.0
22369.0
22496.1
20937.4
21056.2
21084.8
22302.5
22303.7
21515.1
21058.4
21043.3
22139.7
21888.0
21397.4
20938.2
21159.7
22496.4
22240.6
21616.0
20573.0
20990.4
22543.3
22430.4
21829.8
20698.1
21107.5
22140.4
22140.3
21319.5
20819.0
21021.5
22368.7
22353.2
21028.9
21058.6
21327.7
22045.9
22559.1
21257.7
21062.1
20585.1
22139.3
22013.8
21499.2
21058.3
20827.6
22368.3
22496.9
21573.2
21059.1
20429.8
22973.7
22559.1
21711.8
20938.2
20578.9
22009.8
22143.8
21493.1
21060.7
21059.0
21994.1
22495.7
21479.1
21057.7
21035.9
22047.8
22431.0
21434.7
21058.4
20818.0
21812.8
21888.1
21348.8
21059.0
21058.0
21902.3
22368.7
21832.5
21058.7
21057.8
22003.2
22302.6
22064.3
20938.9
21058.3
21429.8
22139.1
21720.6
21058.3
21058.9
21854.0
22496.2
21873.0
21058.5
20938.6
21012.0
22431.4
21733.7
21037.6
20938.6
21363.7
22139.3
21798.9
21060.9
21058.8
21475.4
22496.8
22236.2
21057.6
21058.5
21648.7
22559.4
22393.0
21058.0
21058.6
21379.3
22013.0
21786.8
21058.2
20937.9
21344.7
22496.8
22368.6
20832.5
21058.2
21429.7
22559.0
22431.6
21118.8
20938.3
21095.9
22013.5
22013.4
21106.0
21058.1
21560.4
22367.8
22400.1
21058.2
20938.6
21672.8
22558.4
22249.6
20938.5
21058.3
21174.9
21888.7
22139.2
20919.7
21063.0
21396.8
22241.2
22327.0
20818.2
21058.6
21684.5
21548.8
22672.2
21029.0
20938.8
21436.4
22139.3
21958.2
20818.3
20938.0
21793.1
22444.8
22340.7
20818.9
20938.0
21593.9
22431.4
22558.9
20835.4
21057.9
21306.5
22011.3
22143.3
20772.0
20938.8
21648.2
22324.7
21511.5
21058.6
21058.1
21345.2
22734.2
22031.5
20942.9
20938.5
20991.6
21917.8
21782.4
20942.0
20458.8
21628.4
22338.9
22338.6
20980.2
20779.4
21422.0
22211.8
22202.2
20794.3
20586.9
21050.3
21753.3
21752.7
20509.8
20942.5
20846.8
22211.5
22181.8
20790.4
21059.0
21367.8
22212.0
22338.3
20845.9
20943.4
21153.1
21752.1
21877.7
20645.9
20943.6
21217.5
22085.0
22338.4
20796.5
20937.9
21334.0
21829.8
22211.8
20983.4
20942.6
21030.2
21628.4
21504.3
20866.3
20823.9
20119.0
22660.6
22339.4
21289.9
21058.9
21241.8
22084.4
22339.4
21320.3
20945.2
21105.0
21624.2
21881.5
20537.8
20942.7
20863.0
22342.0
22338.3
21063.4
21058.2
21088.1
22212.6
21957.5
21287.3
20943.6
20414.1
21627.8
21753.2
20799.5
20823.5
20952.4
22338.7
22339.2
21380.3
21058.1
20898.4
22084.8
22211.0
21307.4
20823.7
20165.3
22241.5
21877.6
21107.6
20823.6
20981.4
22339.9
22339.1
20942.6
20818.7
20938.7
22211.7
21957.7
20892.2
20704.0
21284.5
21876.5
21877.8
20867.1
20943.4
20952.3
22156.8
22212.5
21161.7
21059.0
21133.3
22212.5
22087.3
21017.1
20511.9
20789.7
21360.7
21669.6
20980.9
20578.5
20940.7
21417.4
21105.8
21718.2
20940.1
21058.4
21659.4
21752.9
21498.9
20513.1
20395.6
21340.6
21538.9
20821.3
20161.6
20161.9
21686.4
21877.4
21175.0
20395.7
20287.2
21876.9
21504.1
20848.5
20512.4
20512.9
21217.2
21419.2
20834.0
20513.0
20512.3
21353.5
21752.1
21046.8
20512.4
20512.8
21140.0
21876.8
21334.5
20396.0
20515.3
21185.8
21418.9
20744.6
20395.2
20542.2
21877.9
21876.9
20840.1
20396.6
20297.4
21876.9
21877.6
20928.5
20511.9
20279.0
21409.3
21540.5
20754.2
20512.7
20396.2
21589.6
21752.5
20809.8
20511.9
20397.2
21168.9
21753.1
21314.8
20513.1
20045.9
20944.1
21419.2
21224.8
20513.6
20395.8
21588.0
21628.2
21286.1
20512.9
20512.2
21331.3
21503.4
21401.9
20395.2
20512.5
21416.2
21296.1
20876.3
20512.2
20512.4
21538.5
21623.6
21341.0
20512.5
20512.1
21652.4
21503.1
21195.1
20515.7
20161.2
21073.2
21418.8
21096.3
20511.7
20491.3
21627.7
21752.7
21264.1
20512.5
20395.6
20815.6
21876.6
21250.8
20396.3
20511.6
21064.8
21418.2
20928.3
20511.4
20517.2
21098.0
21879.3
21412.3
20512.5
20395.7
21314.4
21628.4
21467.5
20395.7
20511.7
21079.7
21541.2
20910.0
20512.2
20510.3
21427.3
21876.9
21080.5
20512.0
20512.7
21385.9
21628.5
21161.7
20511.1
20280.4
21092.3
21543.0
20778.9
20512.8
20512.4
21343.5
21878.8
21400.9
20512.2
20513.1
21168.8
21497.0
21744.1
20395.9
20512.2
20715.8
21540.8
21153.1
20513.1
20512.0
21175.2
21628.3
21471.7
20510.8
20278.3
21228.7
21878.3
21183.9
20279.3
20513.1
21074.3
21539.1
20683.1
20512.3
20468.2
21627.8
21378.8
20493.8
20512.5
20512.0
21305.6
21753.3
21349.5
20512.4
20395.4
20759.6
21538.9
21016.4
20495.3
20512.4
21014.9
21751.6
21877.7
20493.2
20512.1
21106.8
21752.7
21486.6
20344.7
20278.0
20726.9
21540.1
21259.8
20512.9
20395.5
20979.3
21540.7
21171.2
20395.8
20512.7
20898.7
21814.4
21690.6
20207.8
20208.0
20455.0
21062.1
20865.9
20103.0
20103.1
20847.9
21541.0
21159.6
20190.2
20511.6
20828.6
21541.4
20964.6
20208.8
20208.2
20453.0
21061.6
20567.4
20103.5
20103.3
20954.0
21419.1
20553.8
20213.3
20210.2
21265.1
21296.1
20887.6
19978.1
19862.4
20575.5
21058.3
17482.0
20183.2
19989.9
20631.3
21541.6
21394.5
20207.2
20208.2
20678.6
21418.6
21540.5
20255.1
20208.0
20333.4
21057.5
21058.6
19934.3
20104.3
20421.6
21541.1
21418.9
20131.1
18931.1
21020.4
21539.7
21416.0
20208.3
19863.2
20622.7
21058.0
20732.8
20103.0
20103.0
20604.3
21540.7
21029.0
20207.9
20207.4
20714.9
21540.9
21018.6
19978.4
20207.3
20472.2
21058.1
20748.2
