9.6
21637.6
21191.2
21399.3
21216.0
21384.1
21401.7
21289.4
21398.0
21071.3
21439.6
21084.3
21420.9
21324.1
21374.1
21388.2
21300.8
21393.9
20956.0
21395.3
21254.1
21412.5
21316.9
21379.8
21417.3
21279.1
21384.8
21087.6
21384.1
21252.4
21417.8
21336.2
21367.0
21420.2
21149.1
21379.1
21082.0
21371.8
21159.6
21420.1
21367.0
21331.3
21407.7
21298.2
21359.2
21081.7
21384.8
21160.3
21409.7
21356.4
21339.8
21417.0
21249.2
21399.2
21084.6
21383.3
21272.8
21416.8
21379.4
21324.1
21420.2
21102.3
21409.2
20958.6
21396.7
21296.3
21400.7
21385.8
21208.0
21390.3
21216.7
21435.0
21068.0
21403.6
21427.3
21384.4
21378.2
21336.1
21403.5
21177.7
21446.1
21088.2
21403.8
21290.1
21399.1
21273.8
21322.4
21402.8
21155.8
21453.4
21088.3
21411.9
21311.1
21385.2
21401.2
21314.4
21390.9
21163.6
21434.3
21126.0
21399.9
21321.3
21369.8
21392.7
21320.7
21420.2
21101.4
21445.1
21157.0
21395.8
21066.9
21404.2
21387.8
21308.3
21404.9
21087.2
21449.3
21064.9
21037.1
21052.1
21086.5
21086.0
21021.6
21034.6
20881.7
21067.8
20951.1
21047.8
21048.0
21083.3
21066.7
21040.0
21035.9
20864.1
21070.2
20854.6
21036.7
21036.9
21092.7
21086.2
21028.0
21033.0
20864.0
21090.0
20948.2
21040.9
21049.0
21085.9
21086.4
21022.1
21033.3
20882.3
21066.0
20953.4
21047.3
21048.2
21082.9
21067.1
20921.1
20911.9
20871.3
21052.0
20986.7
21038.3
21039.1
21091.4
21087.3
21027.5
21031.4
20857.7
21089.5
20954.2
20923.5
21052.4
21087.0
21084.0
21023.9
21025.7
20873.1
21064.2
20967.7
21047.2
21054.9
20959.0
21071.3
21034.3
21029.9
20870.8
21045.8
20993.1
21040.9
21040.1
21090.1
21089.0
21145.4
21029.9
20857.2
21089.2
20835.0
21044.0
21052.2
21086.9
21085.1
20904.3
21024.8
20865.5
21064.0
20975.2
21066.2
21039.0
21076.1
21074.0
21031.8
21033.2
20867.0
21048.5
20990.4
21045.0
21036.7
21090.3
21088.6
21028.6
21026.0
20873.0
21066.9
20961.7
21045.7
21051.3
21086.3
21085.8
20903.1
21024.3
20865.3
21063.9
20976.0
21066.2
21040.0
21074.7
21074.7
21032.1
21032.9
20867.1
21047.7
20870.0
21047.4
21037.0
21093.3
21086.7
21028.0
21023.2
20875.8
21056.6
20972.4
20924.6
21175.7
21082.4
21099.8
21007.5
21027.5
20860.8
21067.6
20973.3
21066.8
21039.4
21075.1
20956.9
21031.2
21030.2
20866.9
21042.1
20996.9
21047.2
21038.0
21093.1
21086.9
21027.3
21024.0
20755.1
21050.2
20978.0
21046.6
21058.0
21080.2
21102.1
21005.9
21025.9
20853.9
21067.9
20978.7
21073.4
21036.1
21076.9
21072.3
21034.3
21027.3
20869.4
21037.0
21003.0
21043.6
21042.4
21087.8
21096.2
20899.2
21021.0
20877.2
21049.4
20978.2
21049.4
21055.1
21080.4
21101.8
21006.4
21025.0
20853.1
21068.0
20980.0
21072.8
21038.3
21077.3
21072.2
20826.3
20829.9
20750.2
20839.0
20886.6
20870.7
20765.0
20921.7
20907.1
20898.5
20822.9
20757.5
20848.8
20868.2
20869.3
20897.8
20797.8
20904.3
20893.0
20824.8
20752.7
20844.8
20875.1
20881.7
20891.5
20912.7
20882.7
20913.9
20827.5
20753.6
20704.1
20901.2
20872.1
20885.9
20917.8
20905.2
20900.9
20820.6
20757.5
20846.2
20870.7
20872.0
20897.3
20915.4
20785.3
20894.2
20823.7
20751.6
20838.6
20882.0
20884.2
20892.1
20911.9
20779.9
21016.3
20824.5
20754.5
20822.8
20903.6
20871.2
20886.1
20918.0
20907.6
20898.3
20822.9
20754.3
20844.7
20871.1
20876.4
20894.2
20919.3
20900.0
20897.0
20821.0
20754.1
20840.7
20881.4
20761.3
20895.7
20907.8
20887.4
20909.8
20824.1
20753.7
20821.4
20904.5
20872.2
20886.1
20917.8
20907.5
20898.0
20823.5
20754.0
20844.2
20872.4
20876.8
20893.3
20919.2
20899.9
20896.2
20821.0
20532.4
20758.9
20744.1
20680.9
20809.0
20817.9
20797.2
20783.8
20765.9
20625.0
20759.1
20754.9
20785.9
20676.1
20835.2
20821.0
20713.0
20677.2
20759.2
20752.1
20632.3
20749.9
20768.3
20812.5
20833.2
20677.1
20799.8
20766.3
20751.8
20625.4
20759.2
20768.8
20800.5
20794.3
20835.1
20806.7
20776.4
20740.9
20637.1
20753.8
20756.0
20797.0
20810.9
20830.2
20806.0
20764.7
20760.0
20632.9
20628.0
20758.2
20801.0
20809.4
20818.0
20812.4
20767.1
20763.9
20625.5
20755.3
20759.7
20787.6
20793.3
20835.2
20820.8
20532.2
20757.9
20637.6
20776.1
20723.7
20786.5
20810.7
20829.1
20703.0
20761.2
20890.8
20617.4
20790.7
20716.7
20792.2
20805.8
20817.4
20797.4
20798.8
20772.2
20618.2
20787.4
20722.6
20768.3
20800.3
20835.5
20807.7
20793.6
20773.1
20634.6
20812.5
20675.7
20768.0
20813.8
20830.2
20612.7
20747.3
20784.3
20642.9
20790.5
20680.2
20773.4
20812.4
20821.2
20793.5
20810.2
20783.7
20638.3
20793.8
20688.2
20764.9
20792.5
20807.6
20834.7
20802.4
20789.1
20656.3
20816.0
20627.2
20661.3
20682.5
20829.2
20810.6
20795.9
20768.5
20465.4
20647.8
20329.2
20595.4
20517.6
20707.6
20597.8
20554.4
20580.0
20387.5
20658.3
20329.8
20595.5
20455.0
20640.1
20609.1
20545.2
20582.4
20293.1
20643.3
20319.7
20593.8
20484.3
20616.1
20608.9
20532.1
20592.5
20442.5
20615.9
20315.8
20594.3
20485.9
20607.0
20583.3
20560.2
20601.9
20428.9
20626.7
20323.6
20591.6
20458.3
20507.7
20598.1
20551.9
20600.0
20452.5
20602.6
20320.1
20593.0
20460.8
20625.0
20597.8
20542.3
20612.2
20460.0
20597.3
20312.0
20599.1
20464.8
20611.9
20422.6
20597.2
20617.9
20468.0
20588.0
20323.0
20598.7
20452.9
20605.4
20563.4
20587.2
20616.7
20463.5
20591.2
20320.2
20609.1
20443.9
20608.7
20559.9
20580.4
20610.0
20280.8
20398.5
20067.5
20400.8
20215.2
20374.2
20214.1
16794.0
17144.2
19713.2
20052.2
19602.2
19903.0
19186.4
19766.8
19931.9
19241.7
20045.0
19902.4
18553.4
19917.9
19965.8
19586.6
19712.4
19915.9
19894.0
20392.2
20317.9
20376.0
20400.7
20247.3
20393.3
20078.5
20406.3
20190.9
20401.0
20334.0
20372.0
20400.8
20248.5
20406.3
20052.3
20429.9
20179.1
20510.2
20334.8
20365.9
20365.8
20293.7
20411.4
20061.7
20434.2
20162.0
20389.9
20240.7
19989.2
20255.3
20296.3
20012.9
20218.1
19986.7
19858.1
19753.8
19774.2
19702.6
19860.7
19847.2
19678.4
19783.1
19754.9
19657.2
19745.2
19771.8
19678.1
19871.6
19839.7
19706.6
19785.4
19539.3
19667.0
19481.2
19541.6
19764.9
19818.2
19706.1
19830.9
19876.9
19678.8
19757.5
19724.4
19657.3
19769.2
19802.8
19679.1
19841.2
19871.0
19706.7
19758.0
19740.1
19667.4
19754.4
19825.7
20339.1
20293.5
20434.0
20222.5
20193.9
20337.9
20031.7
20331.1
20171.2
20340.3
20292.3
20308.9
20306.2
19979.0
20189.8
20005.8
20171.2
20107.0
20218.2
20175.2
20242.0
20259.8
20115.0
20195.4
20017.8
20192.0
20056.0
20092.0
20203.0
20238.6
20246.2
20127.1
20218.0
19997.9
20194.0
20052.5
20212.3
20191.3
20233.9
20215.9
20169.2
20218.4
20002.4
20196.1
20052.9
20205.0
20152.1
20234.8
20257.4
20165.3
20108.9
20015.6
20214.1
19999.0
20217.6
20160.3
20234.4
20250.7
20170.2
20202.8
20064.0
20190.1
20116.8
20212.1
20152.8
20223.6
20224.9
20093.6
20210.0
20062.2
20196.7
20004.1
20202.0
19992.8
20257.2
20243.1
20200.8
20211.9
20079.0
20186.2
20005.2
20189.4
20110.9
20259.5
20234.8
20182.3
20227.6
20118.3
20157.9
20008.7
20186.0
20116.8
20236.7
20189.1
20228.5
20245.3
20117.8
20164.2
20014.4
20056.9
20104.4
20030.3
19991.1
20018.2
20032.9
20090.9
19800.8
19841.2
19519.3
19958.1
19774.3
19807.6
19816.4
19770.4
19824.9
19591.1
19839.0
19539.3
19948.3
19733.3
19829.5
19594.3
19674.5
19700.7
19354.6
19556.1
19473.1
19673.3
19378.7
19632.3
19591.7
19567.5
19669.9
19453.5
19435.2
19551.1
19243.2
19482.6
19321.6
19482.4
19487.6
19218.6
19479.1
19242.5
19566.3
19207.6
19458.1
19182.5
19720.2
19674.3
19464.2
19705.8
19280.6
19903.6
19147.0
19765.1
19368.0
19725.1
19642.2
19490.5
19722.6
19324.2
19842.4
19149.5
19774.5
19343.7
19738.8
19548.9
19773.2
19929.5
19523.5
19644.0
19402.0
19868.0
19530.1
19814.9
19784.8
19737.3
19928.8
19526.2
19882.7
19576.1
19870.3
19888.7
19929.9
19928.3
19943.6
19917.7
19912.0
19769.5
19759.7
19881.8
19880.4
19890.2
19824.9
19842.2
19948.0
19891.1
19892.4
19761.4
19914.4
19827.1
19897.0
19942.7
19956.0
19928.7
19909.5
19903.5
19768.8
19908.0
19816.1
19896.7
19939.6
19940.0
19917.8
19699.6
19667.3
19543.9
19666.4
19456.7
19648.9
19665.3
19689.6
19707.9
19685.5
19653.9
19584.0
19677.5
19525.2
19647.3
19671.2
19688.0
19705.0
19692.0
19645.0
19626.9
19630.8
19539.3
19646.8
19651.4
19688.1
19698.7
19796.8
19680.0
19518.9
19635.1
19541.7
19635.3
19640.2
19686.0
19708.8
19688.2
19678.9
19645.2
19631.9
19539.9
19616.6
19651.3
19679.5
19686.8
19695.3
19691.7
19647.3
19641.6
19535.7
19635.2
19520.8
19664.9
19672.9
19601.3
19699.5
19650.4
19642.3
19541.5
19659.2
19589.5
19652.3
19699.2
19706.9
19686.2
19662.9
19659.2
19543.8
19536.0
19588.5
19649.2
19694.2
19584.0
19676.9
19683.9
19665.3
19539.8
19550.1
19578.1
19649.2
19667.6
19689.3
19709.0
19685.9
19650.3
19582.6
19673.1
19643.2
19648.1
19674.2
19685.3
19707.9
19687.9
19649.2
19622.7
19634.2
19535.9
19651.3
19647.7
19692.1
19694.1
19689.9
19561.7
19629.6
19633.9
19545.8
19634.1
19643.0
19685.4
19708.8
19687.8
19677.2
19659.1
19618.0
19537.2
19616.8
19653.4
19682.6
19686.1
19585.2
19687.7
19646.8
19637.8
19535.9
19629.4
19643.2
19555.7
19673.6
19712.2
19696.9
19650.5
19639.9
19545.9
19651.0
19599.2
19648.0
19701.7
19707.2
19686.3
19660.7
19546.1
19534.9
19656.2
19589.9
19654.0
19691.1
19698.9
19784.3
19688.9
19662.4
19428.3
19663.3
19575.4
19648.8
19571.9
19525.1
19542.7
19519.4
19480.7
19407.0
19520.0
19345.9
19482.6
19506.4
19520.0
19540.3
19522.0
19478.9
19445.7
19481.3
19352.6
19481.9
19498.1
19398.3
19532.6
19520.9
19505.4
19447.9
19484.0
19357.2
19474.1
19469.8
19523.0
19542.8
19522.9
19506.1
19485.4
19455.2
19356.2
19447.8
19490.9
19517.2
19519.9
19529.0
19522.0
19476.8
19473.6
19352.2
19469.4
19359.7
19499.1
19507.0
19547.0
19531.7
19480.1
19475.7
19360.4
19496.7
19424.4
19478.9
19535.0
19541.1
19520.7
19491.3
19492.8
19358.1
19500.9
19408.3
19483.9
19524.2
19528.9
19511.1
19517.1
19496.9
19248.4
19512.4
19397.7
19479.2
19496.9
19524.4
19543.9
19520.1
19481.0
19409.7
19520.2
19343.2
19481.7
19505.3
19519.8
18786.9
19511.1
19512.4
19480.1
19464.4
19355.9
19454.0
19379.9
19393.4
19505.5
19347.3
19329.1
19291.3
19275.6
19160.0
19290.6
19248.8
19308.2
19327.6
19345.0
19337.8
19282.4
19292.2
19143.6
19306.1
19236.0
19294.0
19336.8
19444.9
19312.1
19322.7
19297.9
19156.5
19314.2
19106.3
19285.5
19314.9
19325.1
19349.8
19209.1
19305.9
19174.6
19329.8
19156.0
19300.2
19319.4
19326.0
19343.6
19323.0
19285.3
19236.2
19301.8
19149.2
19297.0
19314.9
19311.1
19336.9
19217.0
19308.5
19236.5
19312.6
19146.3
18733.2
19283.9
19340.0
19350.1
19334.1
19294.8
19244.8
19294.3
19152.1
19281.0
19288.8
19339.7
19344.0
19314.5
19310.1
19295.1
19256.7
19156.2
19276.0
19292.9
19316.0
19314.9
19239.0
19326.3
19294.9
19262.9
19269.0
19280.4
19264.8
19316.8
19324.7
19348.0
19329.1
19286.1
19283.4
19155.6
19281.8
19257.6
19310.5
19324.9
19333.5
19314.8
19312.9
19290.7
19141.2
19316.8
19126.2
19288.8
19267.9
19160.8
19156.0
19051.3
19186.0
18854.4
19205.9
18853.9
19191.9
19073.9
19165.1
19142.9
18738.2
19167.0
18893.5
19178.5
18766.1
19175.9
19076.5
19131.4
19144.9
18981.0
19175.1
18887.4
19193.6
18857.2
19184.8
19032.1
19162.2
19154.2
19012.7
19175.2
19014.0
19182.8
18839.2
19181.5
18920.8
19168.5
18989.3
19143.4
19132.9
19068.6
19183.6
18844.9
19190.6
18813.4
19159.0
18993.6
19080.0
19069.8
19161.9
19146.0
19064.4
19165.5
18911.6
19182.0
18846.3
19187.6
19060.0
19140.9
19135.3
19106.7
19163.2
18926.2
19190.8
18844.1
19171.1
18911.1
19047.3
18912.8
18976.2
19034.1
18486.2
19056.1
18715.2
19041.9
18905.7
19031.9
19019.2
18953.1
19039.8
18863.0
19026.4
18713.4
12176.3
18386.1
18579.1
15975.6
18701.9
19048.8
18923.0
19024.1
19025.2
18961.3
19024.4
18831.9
19042.5
18712.9
19159.8
18890.2
19039.7
18887.2
18975.1
19050.5
18842.4
19042.0
18720.9
19037.4
18863.6
19050.5
19004.9
18979.6
19045.2
18869.3
19034.5
18716.1
19021.7
18870.1
19047.5
18978.2
18994.5
19038.9
18887.0
19043.9
18712.6
19041.3
18845.9
19025.3
18883.9
18762.1
18758.9
18662.7
18515.3
18531.0
18762.6
18595.4
18705.3
18750.6
18763.1
18736.2
18682.8
18732.9
18524.5
18767.4
18593.0
18702.1
18746.9
18747.1
18728.8
18713.6
18731.5
18528.9
18770.4
18583.9
18713.8
18599.8
18754.2
18752.8
18818.2
18731.3
18552.5
18784.2
18528.8
18728.6
18706.8
18743.0
18756.9
18725.8
18703.1
18602.0
18763.0
18524.1
18728.2
18702.8
18726.7
18750.0
18741.6
18717.6
18601.6
18770.4
18411.1
18735.1
18655.7
18753.6
18762.5
18756.4
18698.0
18623.2
18744.1
18529.1
18619.9
18662.6
18331.2
18757.2
18729.6
18714.2
18633.9
18738.6
18525.8
18727.8
18667.6
18738.3
18749.8
18741.5
18623.7
18631.0
18739.1
18531.3
18735.1
18644.4
18740.0
18762.4
18742.9
18725.2
18657.0
18720.6
18528.9
18717.3
18768.4
18733.8
18739.6
18746.4
18739.4
18659.0
18731.0
18526.2
18728.9
18648.0
18717.8
18725.5
18765.9
18643.8
18661.5
18728.5
18533.8
18755.0
18605.8
18699.4
18757.6
18761.2
18748.8
18556.8
18731.1
18522.3
18767.6
18600.2
18707.3
18745.9
18747.0
18729.9
18704.9
18732.1
18186.2
18771.1
18502.7
18705.4
18724.3
18765.9
18741.4
18696.1
18727.9
18532.1
18783.5
18566.7
18711.9
18731.3
18760.4
18739.1
18701.4
18715.6
18568.1
18767.0
18557.9
18715.7
18720.6
18729.2
18746.9
18628.5
18819.1
18574.0
18767.3
18326.8
18732.2
18688.1
18744.6
18762.3
18732.9
18707.9
18588.1
18768.6
18529.0
18728.8
18694.2
18739.4
18760.9
18738.0
18699.1
18620.8
18746.2
18525.8
18731.8
18579.4
18625.0
18746.2
18744.8
18719.5
18617.5
18638.9
18534.9
18731.8
18653.5
18746.0
18028.7
18743.3
18703.7
18602.3
18757.8
18529.2
18728.6
18684.2
18740.3
18759.5
18726.3
18717.2
18523.6
18536.0
18423.0
18546.2
18547.9
18573.1
18473.6
18570.9
18568.1
18533.6
18535.2
18431.4
18533.6
18543.4
18781.9
18592.0
18566.8
18572.9
18541.2
18537.2
18424.3
18527.5
18545.6
18572.0
18565.3
18582.1
18571.8
18550.1
18538.9
18320.1
18528.2
18544.9
18559.1
18559.8
18591.5
18580.5
18549.8
18539.5
18431.4
18561.4
18492.9
18550.4
18580.5
18590.7
18566.4
18559.2
18552.6
18428.3
18230.9
18500.9
18461.3
18565.8
18580.9
18558.0
18571.7
18443.6
18414.2
18567.8
18506.1
18543.0
18570.0
18588.9
18570.4
18566.7
18555.8
18429.9
18587.7
18438.7
18565.3
18573.4
18591.1
18565.6
18566.6
18542.6
18476.8
18562.3
18437.1
18456.3
18574.3
18557.3
18581.4
18577.7
18550.8
18471.2
18567.8
18439.0
18556.1
18439.8
18389.1
18380.8
18316.7
18395.7
18217.9
18451.0
18142.3
18301.2
18293.3
18279.1
18383.7
18311.2
18391.3
18231.2
18457.8
18128.1
18410.1
18288.5
18386.1
18257.1
18316.5
18406.2
18229.2
18459.6
18135.1
18401.9
18265.1
18407.0
18372.1
18311.2
18304.7
18239.8
18427.8
18142.7
18411.1
18266.2
18410.4
18366.8
18312.8
18402.4
18262.8
18413.6
18036.9
18410.1
18270.4
18403.5
18348.1
18330.3
18406.3
18260.4
18416.5
18147.0
18401.9
18160.5
18408.3
18359.3
18216.4
18409.7
18266.7
18402.9
18142.1
18409.5
18266.9
18410.3
18356.3
18323.9
18402.3
18269.4
18406.6
18144.9
18407.7
18271.3
18402.6
18317.1
18361.0
18409.7
18266.8
18409.7
18144.0
18307.8
18254.6
18406.6
18326.9
18356.1
18410.2
18263.6
18405.9
18141.0
18425.4
18251.5
18410.2
18320.2
18360.3
18384.4
18287.1
18407.2
18144.4
18424.4
18254.0
18387.9
18260.6
18110.3
18132.6
17852.9
18162.9
17782.3
18188.2
17853.6
18123.8
18069.0
18110.2
18112.1
17977.8
18160.7
17773.4
18194.0
17856.0
18119.1
18068.0
17988.0
18053.3
18102.9
18133.3
17938.7
18163.8
17781.3
18173.5
17884.1
18031.1
18067.1
18102.9
18126.9
17839.5
18160.4
17777.3
18168.9
17899.2
18130.7
18065.3
18089.2
18002.9
17974.7
18159.7
17777.6
18167.4
17801.1
18117.6
18047.8
18108.9
18132.9
17955.1
18058.5
17781.8
18184.9
17859.8
18120.4
18072.8
18109.0
18126.9
17961.0
18159.7
17772.1
18192.4
17862.3
18116.4
17972.0
18095.3
17995.8
17996.8
18163.8
17760.3
18199.3
17868.9
18121.5
18035.5
18117.2
18012.5
17988.8
18163.3
17779.8
18206.1
17821.8
18140.5
18045.7
18116.3
18106.5
17999.9
18146.2
17804.0
18193.1
17825.6
18134.5
18045.4
18104.7
18088.2
18031.2
18164.2
17784.8
18199.3
17819.4
18146.4
17900.4
18108.6
18121.1
18027.4
18160.0
17804.2
18205.8
17730.6
18064.4
17966.9
18009.4
18028.8
17982.1
18030.7
17778.1
18087.9
17728.0
18066.7
17977.7
18004.3
18014.6
17888.1
18047.1
17748.4
18086.9
17961.7
17959.0
17964.5
18009.6
18032.5
17970.8
18066.5
17811.4
18062.0
17734.6
18065.4
17846.1
17822.1
18008.5
18021.2
18012.0
17897.0
18065.9
17727.1
18056.1
17878.9
18018.6
17994.3
17932.3
18022.9
17892.0
18049.3
17637.7
18051.8
17874.0
18023.4
18029.7
18012.2
18022.5
17881.7
18051.2
17731.5
18054.7
17885.7
18025.5
18027.1
18000.7
18012.3
17877.0
18063.9
17727.9
18065.9
17890.1
18017.8
17995.4
18032.1
17822.3
17853.5
18061.0
17743.0
18063.6
17884.3
18022.7
18032.6
18009.8
18122.5
17856.2
18059.5
17586.5
17800.9
17673.5
17772.7
17771.9
17752.0
17755.6
17646.7
17801.9
17467.2
17797.4
17587.6
17664.0
17764.4
17754.6
17772.6
17595.2
17834.1
17474.2
17800.0
17673.9
17771.9
17775.3
17766.2
17758.4
17597.1
17826.1
17468.7
17799.7
17703.0
17758.3
17771.3
17752.2
17755.4
17608.6
17824.9
17366.1
17796.5
17719.3
17749.1
17764.9
17767.0
17760.2
17564.5
17852.3
17473.8
17800.3
17700.8
17758.2
17774.2
17757.7
17767.1
17568.7
17854.6
17459.4
17797.0
17718.2
17854.1
17675.5
17752.5
17654.9
17567.7
17844.2
17472.3
17797.9
17730.3
17752.2
17761.1
17754.4
17771.8
17533.0
17853.2
17493.2
17698.0
17715.7
17757.5
17775.5
17742.3
17781.9
17530.2
17854.8
17482.2
17796.5
17733.5
17775.7
17755.0
17737.8
17770.2
17534.0
17848.9
17403.0
17781.1
17742.9
17768.3
17745.7
17743.2
17796.5
17485.6
17849.8
17535.4
17780.7
17728.2
17778.4
17655.2
17726.7
17797.1
17492.4
17854.0
17424.8
17776.4
17750.8
17774.7
17755.2
17720.1
17795.2
17375.4
17699.5
17903.7
17769.8
17755.2
17771.7
17741.5
17730.9
17797.3
17472.3
17849.2
17453.1
17789.0
17447.1
17582.1
17585.3
17568.5
17576.7
17361.8
17603.1
17314.5
17608.7
17479.2
17580.0
17582.2
17463.7
17567.1
17464.2
17604.9
17311.4
17608.3
17493.3
17572.9
17575.7
17565.9
17582.8
17433.2
17623.1
17216.1
17611.1
17478.2
17583.1
17584.7
17567.8
17576.3
17431.2
17617.2
17314.9
17605.9
17409.8
17565.8
17584.9
17559.4
17570.5
17428.5
17625.8
17308.2
17609.1
17521.2
17560.7
17574.8
17567.2
17777.1
17413.9
17633.1
17318.7
17610.1
17487.9
17579.3
17585.8
17577.9
17566.7
17417.4
17523.0
17314.8
17607.9
17518.4
17566.0
17584.9
17469.8
17561.4
17336.7
17588.0
17234.9
17546.7
17471.9
17502.3
17512.9
17515.3
17512.4
17318.9
17591.8
17256.0
17546.9
17459.9
17506.2
17429.1
17497.7
17527.5
17311.4
17598.1
17240.9
17549.7
17473.8
17508.7
17522.3
17499.1
17510.3
17320.7
17587.4
17250.7
17546.8
17486.6
17499.3
17516.1
17500.9
17526.3
17288.6
17594.3
17167.9
17550.0
17472.0
17411.1
17524.9
17481.9
17549.8
17269.0
17598.2
17120.4
17317.7
17289.9
17308.7
17292.5
17272.1
17308.8
17028.6
17334.3
17136.0
17306.0
17289.6
17310.0
17276.2
17267.1
17198.2
17019.7
17285.1
17230.3
17301.9
17279.0
17309.0
17303.0
17229.9
17288.9
17025.7
17294.1
17230.5
17302.7
17311.6
17290.1
17306.3
17167.0
17322.9
17022.3
17302.1
17264.6
17292.3
17212.7
17294.7
17188.4
17119.3
17330.9
17051.8
17305.8
17290.4
17306.8
17279.1
17283.1
17314.6
17020.4
17343.3
17132.4
17296.1
17443.6
17343.5
17292.7
17267.2
17203.4
16826.2
16792.3
17213.4
17209.2
17308.5
17293.1
17302.8
17209.2
17295.9
17025.7
17292.2
17246.2
17303.1
17308.4
17291.2
17289.5
17173.8
17319.0
16916.9
17311.3
17180.0
17287.7
17298.6
17293.3
17302.3
17069.9
17343.0
17086.7
17306.1
17091.6
17045.8
17030.8
16931.4
17078.4
16583.2
17120.0
16784.7
17037.4
17005.9
17029.1
17053.2
16886.5
17076.8
16673.6
17086.9
16846.8
17053.0
17021.2
16999.8
17037.1
16875.0
17075.5
16670.7
16979.8
16797.8
16987.4
17260.9
17000.0
17051.8
16804.8
17118.2
16675.9
17078.7
16893.8
17050.6
17038.1
16980.1
17057.5
16748.3
17140.5
16679.7
16979.1
16952.3
17046.7
17028.6
16947.9
16975.1
16695.3
17118.8
16762.1
17041.0
16907.1
17028.0
17023.0
16920.9
17076.1
16374.9
17074.0
16872.5
17047.2
16985.8
17024.3
17052.9
16861.0
17080.6
16678.3
17082.0
16865.1
16958.7
17026.0
16996.1
17050.1
16811.4
17008.4
16677.2
17074.9
16923.8
17032.4
17042.2
16977.2
17041.8
16766.3
17119.6
16683.5
17079.2
16965.6
17213.4
17026.8
16967.0
17079.3
16680.8
17130.1
16759.6
17053.4
16963.1
17043.7
17032.3
16923.3
17079.0
16680.7
17116.8
16791.2
17050.5
16899.5
17026.6
17053.4
16881.1
17076.8
16673.6
17078.4
16860.2
17054.1
17022.1
16998.8
17037.3
16875.4
16382.1
16667.1
17081.6
16931.6
17031.8
17019.2
16994.4
17045.6
16637.8
17127.2
16719.5
17070.7
16946.6
17046.1
17030.2
16940.8
17078.3
16682.7
17137.2
16636.9
16861.8
16806.4
16844.6
16874.2
16725.6
16771.1
16572.6
16845.1
16236.4
16872.1
17030.2
16800.5
16870.2
16694.1
16853.9
16566.2
16393.4
16769.5
16846.9
16852.0
16786.2
16879.7
16569.8
16883.9
16643.2
16862.0
16700.5
16850.5
16872.2
16725.9
16862.8
16577.4
16856.8
16605.3
16872.1
16832.7
16807.1
16874.6
16697.2
16862.2
16572.8
16862.1
16739.7
16860.6
16850.6
16800.2
16859.1
16648.7
16872.9
16571.1
16884.8
16688.3
16856.7
16839.2
16392.3
16171.4
16411.6
16136.5
16377.4
16079.4
16459.8
16128.5
16103.9
16117.7
16189.9
16033.2
16189.7
16019.2
16103.2
16232.7
16454.9
16106.3
16062.8
16141.3
16034.8
16078.2
16215.2
16030.7
16075.0
16261.9
16145.8
15931.2
16044.5
16023.1
16133.7
16281.4
16184.4
16002.8
16216.0
16171.6
16025.1
16156.0
16090.0
16094.0
16252.0
16237.0
16106.5
16108.6
16169.0
15932.6
16193.9
16171.3
16694.0
16677.1
16648.6
16683.9
16444.7
16748.0
16378.6
16717.8
16593.2
16688.2
16669.6
16599.1
16723.1
16389.1
16733.3
16437.4
16680.8
16652.9
16674.2
16672.4
16559.0
16623.0
16376.9
16716.4
16514.2
16689.7
16566.8
16444.1
16533.7
16280.5
16480.7
16129.2
16477.0
16340.3
16441.7
16444.7
16415.7
16453.1
16170.9
16515.3
16168.5
16449.4
16418.5
16445.4
16441.4
16249.3
16475.5
16126.5
16470.3
16293.3
16439.5
16447.1
16426.7
16434.3
16288.1
16473.6
16121.3
16474.2
16370.4
16429.6
16436.7
16420.1
16448.7
16157.2
16504.3
16200.7
16441.8
16419.4
16352.7
16442.3
16332.9
16473.7
16128.3
16474.0
16298.4
16441.7
16445.4
16425.6
16442.0
16259.0
16495.7
16125.1
16470.2
16371.2
16429.0
16444.2
16405.6
16455.9
15375.1
16496.8
16254.3
16442.2
16334.8
16447.1
16432.3
16324.0
16453.9
16124.6
16470.0
16345.2
16438.7
16440.4
16239.3
16220.5
16187.6
16099.5
16164.9
16201.1
16257.7
16243.4
16222.8
16293.0
16138.8
16128.6
16092.0
16258.5
15944.1
16020.1
16041.9
16032.3
16091.5
16031.0
15880.0
15917.0
16099.4
16020.6
16041.2
16048.4
16012.3
15993.1
16092.6
15962.1
16007.1
16048.9
16041.0
16025.5
15865.0
16010.0
15342.7
15938.3
15664.2
16035.9
15795.0
15832.7
16033.2
15631.8
16053.1
15445.5
16092.4
15650.7
16216.3
16105.8
15871.0
16227.4
15451.2
16478.9
15526.7
16227.1
15870.9
16105.8
16201.3
15724.1
16308.8
15381.2
16145.5
15649.8
16124.4
15968.2
15922.8
16121.4
15650.0
16148.9
15512.9
16150.0
15741.2
16092.9
16029.1
16028.2
15679.5
15874.1
16175.8
15964.1
16126.2
16107.0
16131.2
16123.6
15940.0
16146.5
15883.9
16150.5
16028.3
16123.5
16132.3
16110.8
16126.6
15957.3
16187.3
15872.0
16147.0
16086.0
16039.1
16113.1
16082.9
16150.7
15876.4
16169.8
15969.6
16126.9
16204.2
16129.3
16028.0
16033.0
16144.9
15878.1
16147.4
16041.0
16124.0
16127.3
16110.2
16126.8
15945.1
16179.1
15886.9
16153.0
16085.5
16131.6
16111.7
16079.9
16146.4
15878.0
16178.0
15967.0
16126.8
16021.4
16131.3
16123.6
16030.8
16141.0
15322.2
16144.8
16070.6
16111.2
16132.1
16100.0
16132.1
15918.1
16169.7
15929.4
16122.0
16116.1
16129.0
16107.8
16064.2
16147.0
15876.2
16141.2
16026.7
16036.7
16123.1
16113.9
16123.6
15986.2
16162.0
15883.0
16150.2
15980.8
16110.9
16131.4
16186.2
16147.2
15794.1
16184.5
15937.3
16117.1
16121.1
16128.9
16127.3
16037.2
16152.6
15704.1
15915.9
15722.4
15893.7
15813.4
15888.5
15888.2
15724.7
15941.9
15695.9
15896.1
15882.9
15902.9
15879.2
15844.0
15912.8
15569.9
15916.3
15807.2
15896.7
15897.3
15890.1
15894.7
15735.2
15560.0
15707.7
15805.9
15881.5
15905.7
15893.5
15819.9
15915.0
15665.0
15909.7
15814.4
15900.0
15902.3
15892.5
15886.6
15724.2
15955.6
15665.1
15919.5
15874.8
15903.3
15881.5
15840.7
15917.9
15664.1
15907.5
15722.1
15895.4
15898.7
15884.6
15892.1
15751.5
15938.2
15666.6
15913.0
15786.4
15899.4
15882.1
15848.9
15915.7
15662.3
15908.4
15806.6
15896.8
15897.4
15890.1
15894.3
15753.3
15939.1
15664.9
15826.3
15860.8
15908.5
15881.8
15850.0
15362.8
15666.9
15909.2
15811.9
15900.1
15900.1
15884.7
15894.1
15733.7
15953.1
15663.3
15916.1
15875.7
15899.6
15884.1
15841.2
15921.4
15503.7
15709.4
15694.1
15781.9
15791.2
15769.9
15782.0
15620.6
15840.2
15513.4
15804.5
15755.9
15790.9
15161.4
15712.1
15801.9
15507.9
15805.0
15696.1
15785.2
15785.5
15791.4
15770.0
15586.7
15837.0
15464.3
15788.8
15764.1
15793.9
15786.0
15706.7
15804.3
15509.8
15805.3
15687.1
15792.0
15787.9
15771.7
15783.3
15599.4
15857.9
15509.7
15808.2
15757.8
15790.1
15769.7
15731.7
15806.6
15419.8
15801.8
15687.7
15782.6
15790.7
15769.3
15782.9
15629.8
15837.4
15509.9
15803.7
15755.4
15787.5
15770.4
15743.3
15803.8
15508.5
15810.9
15668.5
15785.4
15767.3
15797.3
15782.5
15641.2
15742.1
15689.0
15807.0
15738.1
15777.0
15790.0
15745.0
15801.9
15501.9
15858.2
15444.1
15606.7
15545.3
15562.9
15601.7
15376.0
15644.1
15236.3
15626.0
15488.5
15591.2
15581.2
15473.5
15535.9
15235.9
15629.5
15402.3
15603.1
15568.6
15539.4
15599.6
15342.2
15654.1
15260.1
15607.0
15518.1
15582.9
15589.1
15456.4
15622.2
15232.8
15620.2
15337.9
15599.2
15482.8
15539.8
15600.3
15185.5
15657.8
15314.4
15592.2
15542.0
15584.6
15600.1
15422.1
15611.9
15238.7
15622.2
15455.7
15595.3
15587.4
15144.0
15618.9
15238.8
15642.9
15376.2
15606.1
15567.8
15540.8
15602.4
15355.9
15664.1
15228.9
15537.1
15502.2
15586.0
15586.9
15457.9
15624.5
15237.3
15616.5
15423.4
15602.6
15572.9
15546.9
15588.0
15322.7
15654.2
15191.7
15596.6
15534.1
15316.0
15599.8
15235.2
15429.8
15049.5
15429.4
14767.4
15396.5
15391.4
15307.4
15428.8
15050.1
15437.0
15205.9
15407.2
15378.7
15369.5
15403.2
15163.3
15458.9
15055.8
15430.1
15322.1
15403.9
15393.1
15273.9
15429.2
15052.7
15423.3
15238.2
15411.8
15388.2
15272.3
15399.3
15115.2
15469.3
15095.5
15412.4
15351.0
15390.8
15403.3
15243.0
15429.9
15055.9
15430.7
15266.1
15392.1
15392.6
15248.3
15419.0
15079.0
15457.8
15151.3
15402.9
15359.1
15382.1
15405.9
15226.3
15430.7
15049.2
14627.0
15330.0
15394.8
15391.9
15282.0
15429.0
15049.0
15429.5
15235.6
15405.7
15386.1
15372.1
15308.9
15017.1
15458.1
15118.1
15401.6
15354.9
15398.5
15403.7
15235.3
15427.1
15055.0
15429.3
15259.6
15410.0
15397.7
15325.8
15429.4
15055.9
15654.1
15064.0
15252.9
15237.1
15247.9
15244.1
15117.0
15196.5
15000.4
15267.1
15133.7
15249.3
15242.0
15166.1
15261.9
15014.8
15264.9
15169.6
15240.8
15246.7
15222.2
15262.1
15014.6
15281.5
15107.6
15241.3
15249.9
15229.6
15244.6
15111.4
15283.1
14931.3
15250.8
15223.2
15246.9
15244.7
15167.1
15267.2
15007.2
15264.2
15179.8
15232.1
15247.3
15225.7
15263.8
15010.3
15271.5
15116.7
15241.8
15174.9
15103.1
15058.0
14900.8
15087.9
14766.1
15052.3
15057.7
15102.1
15080.9
14965.9
15325.1
14835.2
15063.9
14979.9
15092.0
15096.2
15038.8
15067.3
14826.5
15090.4
14920.9
15072.0
15093.0
15072.7
15054.0
14915.1
15089.1
14833.7
14979.6
15064.9
15088.8
15075.3
14974.5
15063.2
14837.1
15066.0
15006.5
14986.5
15087.7
15035.3
14540.0
14837.1
15057.1
14977.1
15072.9
15087.5
15074.7
15041.0
14878.8
15088.1
14888.9
15051.2
14985.8
15085.1
14983.8
14702.7
14919.9
14603.8
14869.3
14841.9
14876.4
14868.1
14769.9
14893.0
14607.0
14883.8
14803.2
14860.5
14873.2
14819.3
15134.0
14610.9
14885.7
14765.3
14861.2
14794.0
14862.1
14864.6
14604.9
14931.6
14711.4
14851.3
14859.0
14887.8
14858.2
14670.1
14930.8
14655.5
14840.3
14859.4
14889.9
14867.2
14728.9
14914.3
14611.2
14869.4
14823.9
14886.6
14878.7
14680.6
14295.1
14610.9
14875.1
14809.2
14886.8
14873.1
14785.8
14884.7
14611.3
14889.4
14763.5
14878.2
14889.5
14823.8
14873.4
14609.1
14911.0
14727.7
14869.3
14887.1
14862.0
14843.9
14648.8
14930.3
14588.9
14858.9
14887.0
14866.3
14849.4
14701.7
15106.6
14504.2
14699.9
14745.3
14746.4
14698.2
14668.9
14716.6
14513.3
14713.3
14718.9
14731.0
14701.9
14695.0
14719.1
14509.9
14726.1
14689.6
14703.5
14647.0
14721.0
14707.0
14499.8
14751.2
14649.2
14705.6
14738.6
14753.7
14669.6
14564.1
14748.9
14592.2
14693.9
14735.2
14748.7
14690.1
14622.2
14748.2
14537.2
14684.3
14744.0
14735.2
14703.9
14588.2
14724.8
14508.9
14711.0
14717.5
14724.4
14703.1
14702.0
14722.0
14509.3
14725.7
14686.9
14698.1
14729.9
14732.2
14706.9
14510.0
13969.0
14669.0
14707.9
14732.2
14737.8
14704.2
14509.1
14655.1
14644.9
14696.0
14742.8
14764.2
14675.7
14546.3
14676.6
14589.1
14681.3
14669.9
14502.1
14456.7
14305.1
14534.4
14284.7
14433.2
14499.0
14495.2
14459.7
14320.1
14535.4
14266.7
14446.8
14407.1
14492.8
14458.9
14331.7
14538.5
14251.9
14454.0
14484.6
14492.4
14456.0
14349.0
14537.9
14225.1
14475.0
14477.1
14487.8
14456.2
14370.4
14534.7
14215.8
14477.1
14473.0
14481.7
14457.3
14300.0
14524.1
14219.0
14480.5
14467.3
14721.9
14459.2
14402.0
14516.0
14217.7
14491.2
14450.0
14475.1
14456.3
14415.5
14507.9
14218.2
14495.7
14442.4
14471.7
14447.2
14436.2
14504.2
14220.9
14497.5
14355.8
14466.4
14451.9
14439.1
14501.7
14220.3
14499.9
14432.9
14447.7
14470.2
14362.2
14502.2
14216.9
14505.1
14414.5
14458.9
14471.4
14450.1
14498.2
14218.0
14508.7
14403.9
14458.2
14475.0
14461.1
14490.1
14137.6
14510.2
14398.3
14369.3
14477.3
14465.2
14487.9
14221.1
14506.9
14272.2
14283.7
14307.3
14292.1
14295.7
13474.9
14297.7
14234.5
14283.0
14301.9
14282.8
14296.2
14055.1
14286.7
14234.3
14283.7
14305.5
14288.9
14298.8
14052.1
14295.8
14216.0
14285.0
14306.6
14296.5
14297.9
14053.1
14302.9
14198.6
14285.0
14309.4
14305.7
14296.1
14055.5
14307.6
14182.9
14284.0
14313.0
14311.2
14296.7
14050.3
14320.0
14165.2
14283.3
14319.5
14315.8
14284.4
14069.3
14323.3
14145.2
14285.9
14238.9
14320.9
14277.5
14080.8
14323.1
14134.6
14285.1
14321.3
14330.8
14265.0
14100.6
14320.3
14119.5
14282.6
14483.7
14316.2
14275.8
14131.1
14319.9
14090.0
14283.1
14317.2
14323.5
14198.7
14140.2
14322.4
13996.8
14282.6
14317.8
14323.5
14278.1
14151.3
14322.3
14064.6
14281.0
14323.2
14322.7
14275.1
14170.3
14320.6
13936.8
14050.1
14035.5
14046.8
13490.1
13850.4
14071.0
13843.9
14042.0
13968.8
14033.4
14039.3
13826.9
14071.8
13867.0
14041.9
14048.9
14035.4
14037.7
13807.1
14075.0
13880.3
14042.2
14049.4
14026.1
14052.0
13784.6
14074.4
13897.6
14044.6
14047.6
14017.7
14051.4
13709.8
13407.5
13942.6
14044.8
14046.2
13985.8
14051.4
13790.9
14057.2
13962.2
14033.5
14046.2
13979.7
14049.2
13793.1
14053.7
13974.3
14046.0
14033.2
13969.0
14048.7
13792.8
14054.2
13904.0
14046.8
14044.3
13945.9
14051.7
13790.3
14057.3
13990.8
14046.9
14044.9
13943.0
14045.0
13791.5
14056.3
14000.0
14049.3
14041.5
13927.2
14060.7
13785.4
14053.9
14009.1
14049.2
13963.0
13906.9
14058.1
13811.4
14040.5
14022.2
14045.8
14042.9
13888.1
14058.9
13828.9
14031.8
14030.0
14047.4
14044.0
14036.8
14060.5
13833.6
14042.0
14020.1
14049.2
14042.5
13862.1
14060.8
13825.5
13973.0
13915.0
14042.4
14048.5
14029.9
14051.0
13788.9
14074.0
13892.5
14044.7
14045.8
14021.1
14051.9
13779.3
14074.1
13909.8
14045.0
14046.3
14014.4
14048.9
13548.1
14045.9
13943.8
14044.2
13968.2
13995.3
14049.0
13793.6
14054.1
13952.2
13949.9
13955.3
13905.2
13977.7
13732.8
13984.8
13888.5
13938.5
13957.5
13895.9
13984.0
13730.0
13983.8
13893.2
13954.7
13942.3
13886.8
13909.3
13730.3
13978.8
13116.9
13954.9
13953.2
13834.8
14007.8
13749.1
13952.0
13931.8
13957.6
13949.6
13820.0
14008.0
13764.6
13863.6
13910.6
13750.1
13636.7
13613.3
13686.9
13633.1
13630.1
13677.7
13780.0
13616.0
13545.9
13688.6
13698.7
13645.1
13716.2
13765.3
13645.8
13536.7
13668.9
13745.0
13647.0
13682.1
13754.1
13657.1
13539.3
13651.3
13759.3
13696.8
13645.1
13726.9
13671.1
13460.8
13637.1
13776.9
13732.6
13634.7
13671.8
13687.1
13575.9
13627.0
13761.0
13766.9
13623.0
13610.6
13689.5
13635.9
13865.6
13750.2
13782.0
13608.9
13568.0
13687.3
13680.8
13648.7
13562.6
13589.9
13685.8
13332.9
13567.6
13536.9
13671.4
13731.1
13652.1
13687.9
13586.6
13550.6
13315.8
13548.7
13556.4
13582.7
13549.6
13516.0
13559.5
13237.1
13540.7
13595.3
13601.4
13541.9
13376.9
13572.0
13349.9
13531.8
13607.0
10900.2
12986.5
13320.8
13541.8
13592.3
13609.9
13544.9
13439.1
13569.8
13355.8
13527.3
13612.5
13622.5
13529.8
13379.2
13488.6
13421.2
13543.5
13611.4
13161.0
13452.1
13379.9
13572.5
12744.7
13412.9
13524.2
13524.4
13464.8
13312.2
13463.7
13525.2
13524.2
13486.4
13454.5
13473.8
13326.0
13447.1
13568.9
13568.9
13462.1
13346.6
13470.4
13437.3
13476.5
13533.1
13553.6
13452.3
13310.6
13382.5
13523.1
13508.8
13474.6
13505.6
13453.1
13310.0
13461.9
13567.1
13552.0
13464.0
13397.2
13452.6
13415.7
13471.4
13542.1
13551.2
13464.6
13313.1
13456.2
13511.1
13503.2
13481.6
13507.7
13462.1
13111.3
13311.2
13432.3
13425.6
13331.9
13247.0
13329.6
13220.6
13336.4
13432.5
13666.0
13324.2
13153.0
13326.8
13314.3
13360.8
13390.5
13377.7
13322.0
13163.8
13321.9
13393.8
13404.9
13347.5
13289.6
13246.1
13195.6
13314.4
13436.3
13457.5
13319.0
13171.3
13326.1
13306.6
13342.9
13401.4
13408.4
13312.4
13154.7
13324.5
12859.8
13404.2
13339.0
13301.8
13311.9
13203.0
13319.0
13445.5
13367.0
13308.7
13185.0
13311.9
13319.0
13352.9
13388.9
13391.9
13322.6
13162.2
13313.9
13393.6
13400.8
13344.6
13311.9
13325.9
13156.1
13325.0
13447.9
13449.8
13314.5
13201.1
13405.7
13267.5
13346.1
13414.4
13404.7
13324.4
13161.2
13322.8
13365.3
13381.7
13362.4
13337.2
13313.8
13160.8
13324.9
13353.1
13140.0
13057.0
12957.4
13082.1
13016.6
13057.6
13120.4
13129.2
13054.9
12901.6
13060.9
13113.5
13109.0
13063.7
12300.2
13194.8
12985.2
13157.1
13094.9
13041.9
13117.1
13125.2
13057.8
12900.7
13059.3
13118.0
13110.8
13063.0
13037.1
13076.0
12953.0
12976.7
13139.7
13146.1
13044.3
12901.9
13076.3
13089.9
13090.7
13004.1
13070.1
13077.2
12904.9
13040.2
13379.4
13143.2
13046.1
12955.1
13089.8
13007.2
13064.0
13125.1
13115.9
13060.3
12901.6
12986.1
13112.9
13115.1
13071.0
13017.7
13082.3
12956.1
13044.5
13143.9
13155.4
13042.2
12900.9
13074.8
13087.2
13069.7
13086.0
12958.0
12882.0
12714.6
12635.3
13176.1
12992.9
12889.3
12784.7
12799.1
12884.6
12913.5
12956.6
12960.9
12887.8
12717.0
12882.3
12978.4
12971.1
12904.8
12844.1
12901.1
12777.0
12901.5
12994.3
12991.7
12880.2
12718.4
12886.7
12940.1
12941.9
12931.0
12933.0
12870.2
12653.7
12098.9
12990.4
13006.9
12880.0
12714.1
12882.9
12945.1
12934.6
12842.7
12946.8
12879.7
12717.1
12879.9
13007.8
12994.2
12885.8
12782.1
12875.0
12885.4
12913.6
12956.3
12963.0
12885.2
12719.2
12879.8
12980.6
12969.4
12907.1
12844.4
12901.0
12776.3
12901.2
12994.4
12989.4
12883.1
12716.4
12888.7
12939.9
12941.6
12930.4
12930.4
12874.1
12718.5
18968.6
21576.5
21268.8
21442.3
21459.6
21606.7
21556.1
21526.2
21602.9
21457.3
21564.8
21075.5
21386.2
21275.6
21420.9
21374.5
21322.9
21528.7
21275.7
21376.7
21081.2
21390.1
21282.4
21409.1
21364.1
21332.2
21420.5
21229.8
21289.3
21084.1
21392.4
21268.2
21418.2
21383.7
21336.1
21402.8
21207.3
21421.9
21081.7
21398.9
21298.1
21398.7
21386.4
21327.2
21389.3
21215.2
21435.0
20576.9
21412.7
21315.9
21375.0
21386.7
21205.5
21403.9
21133.2
21446.5
21140.1
21395.8
21302.5
21387.0
21404.8
21312.2
21416.4
21107.7
21450.6
21124.6
21412.8
21321.2
21399.8
21386.9
21304.8
21405.9
21110.0
21435.0
21163.1
21399.4
21211.8
21383.2
21379.7
21309.4
21409.3
21065.8
21446.0
21201.3
21396.2
21316.8
21396.3
21395.5
21301.1
21397.5
21087.8
21424.7
21199.0
21400.0
21339.5
21381.4
21416.7
21273.6
21394.0
21083.3
21417.4
20734.9
21296.3
21338.5
21359.5
21411.1
21278.5
21387.5
21077.8
21368.4
21290.3
21412.7
21322.6
21374.4
21416.4
21283.6
21371.9
21086.9
21252.7
21272.3
21416.0
21368.1
21336.3
21419.6
21262.9
21379.9
20933.8
20896.2
21014.8
21100.5
21079.1
20797.9
21067.7
21017.5
21016.8
20870.0
21023.2
20789.8
21080.1
21067.9
21045.9
21071.5
20982.3
20314.3
20885.2
21028.7
21021.4
21087.6
21090.9
21045.4
21040.7
20959.0
20963.5
20858.6
21035.1
21033.1
21080.8
21090.9
21041.1
21036.6
20967.7
21069.4
20867.2
21037.9
21032.7
21075.0
21074.7
21055.1
21046.1
20947.2
21071.8
20887.0
21028.6
21021.2
21085.3
20975.8
21043.7
21039.4
20950.7
21090.0
20859.7
21035.6
21033.3
21081.6
21090.3
21040.8
21037.1
20972.1
21063.6
20869.0
21037.9
21036.7
21070.3
21079.2
21051.7
21045.0
20946.5
21074.6
20884.1
20914.3
20664.9
21084.0
21095.0
21040.1
21033.9
20934.6
21089.8
20876.9
21041.1
21037.2
21076.7
21095.2
21036.8
21031.4
20954.9
21063.2
20765.7
21044.4
21041.6
21066.4
21083.8
21046.6
21038.0
20924.1
21074.6
20440.7
20911.7
21028.2
21098.2
21080.1
21034.5
21041.4
20889.1
21090.4
20907.6
21047.6
21042.9
21095.6
21076.2
21031.7
21021.3
20927.2
21063.6
20931.0
21035.2
21046.5
21085.5
21064.5
21042.4
20926.3
20879.2
21075.3
20951.7
21031.6
21028.9
21102.0
21076.6
21156.5
21039.1
20898.3
21086.2
20904.2
21044.0
21046.0
21093.1
21079.3
21028.5
21027.1
20927.3
21068.2
20922.1
21037.4
21042.3
21086.0
20945.7
21041.7
21047.1
20883.5
21074.5
20948.2
21030.5
21027.8
21102.9
21076.0
21038.4
20797.7
20885.8
21085.4
20934.1
21031.4
21048.1
21090.1
21081.2
21025.9
21041.0
20898.3
20941.7
20940.3
21042.5
21045.0
21083.8
20830.4
20917.1
21038.8
20854.8
21075.5
20974.9
21040.4
21033.1
21097.5
21081.4
21032.3
21030.0
20869.1
21085.9
20709.4
21039.9
21054.3
21084.9
21087.6
21020.2
21030.2
20870.8
21068.6
20841.1
20949.6
21036.7
21078.3
21071.0
20823.2
20834.6
20750.9
20846.1
20878.9
20852.8
20899.4
20920.8
20791.8
20897.5
20823.7
20758.0
20856.0
20377.9
20879.2
20896.7
20916.7
20897.7
20898.9
20699.1
20756.2
20825.8
20894.1
20882.9
20895.5
20908.4
20901.2
20896.3
20824.8
20750.9
20817.8
20907.5
20878.5
20882.1
20921.6
20782.4
20905.8
20815.9
20758.2
20826.8
20889.5
20876.9
20896.7
20327.0
20886.6
20923.6
20794.4
20755.9
20797.0
20922.2
20893.4
20683.5
20884.3
20888.1
20909.2
20812.1
20750.7
20819.6
20905.4
20892.0
20881.6
20921.3
20890.5
20905.9
20815.3
20756.8
20689.3
20906.7
20889.8
20918.2
20895.2
20883.2
20912.7
20809.0
20752.2
20809.8
20910.3
20896.3
20919.1
20884.9
20887.3
20551.8
20691.5
20749.7
20827.9
20897.3
20899.0
20906.9
20897.1
20761.2
20883.7
20838.4
20758.2
20816.6
20899.7
20897.5
20920.7
20892.6
20878.0
20886.8
20830.5
20641.3
20759.7
20764.8
20823.3
20828.5
20798.0
20791.5
19782.7
20768.9
20629.5
20772.9
20791.1
20680.8
20816.4
20811.8
20787.1
20720.2
20743.2
20580.9
20811.6
20645.6
20782.3
20808.2
20830.1
20809.1
20793.8
20767.3
20686.7
20790.5
20654.7
20771.7
20803.3
20797.8
20817.2
20819.1
20768.1
20556.3
20794.5
20653.1
20778.3
20784.9
20808.0
20835.2
20809.6
20773.0
20692.9
20816.4
20611.8
20773.1
20791.5
20809.2
20830.2
20806.3
20768.4
20728.7
20772.1
20626.8
20775.7
20789.7
20797.2
20699.9
20812.3
20787.7
20718.2
20794.1
20623.4
20764.6
20619.2
20960.9
20834.1
20806.8
20790.6
19992.0
20791.7
20628.7
20768.0
20788.8
20810.7
20829.0
20806.5
20772.0
20739.6
20764.8
20629.0
20650.9
20788.4
20797.9
20817.0
20811.9
20790.8
20728.4
20773.2
20638.1
20761.6
20762.3
20813.7
20834.2
20806.0
20793.9
20747.1
20761.9
20509.1
20758.0
20764.4
20820.7
20830.1
20796.9
20792.8
20781.1
20734.9
20508.3
20760.9
20771.1
20802.3
20797.7
20830.7
20807.4
20761.9
20750.8
20633.3
20747.8
20765.8
20805.1
20830.8
20808.0
20802.7
20766.3
20875.5
20428.0
20598.4
20456.0
20611.0
20562.8
20578.2
20506.9
20460.7
20596.6
20312.5
20473.9
20471.2
20603.8
20420.5
20602.4
20627.4
20460.3
20595.3
20319.8
20622.6
20428.5
20601.5
20551.6
20597.7
20625.4
20463.1
20591.0
20320.8
20628.7
19953.4
20492.1
20560.6
20579.9
20626.3
20461.1
20596.1
20312.7
20607.1
20456.2
20598.0
20529.2
20610.8
20633.1
20460.9
20595.2
20324.1
20639.2
20411.2
20576.6
20562.5
20601.8
20631.7
20463.8
20473.7
20316.1
20648.1
20409.7
20579.1
20562.4
20593.0
20476.0
20506.1
20596.0
20302.1
20658.0
20415.7
20578.7
20519.5
20624.9
20609.9
20500.1
20595.0
20330.8
20672.1
20371.1
20577.0
20533.2
20498.5
20611.5
20497.7
20579.0
20207.5
20430.3
20111.4
20403.9
20314.9
20358.1
20373.0
20325.6
19947.9
20080.0
20433.3
20130.0
20397.6
20291.2
20374.3
20394.8
20309.0
20414.3
20109.7
20451.6
19946.3
20412.2
20298.1
20376.1
20388.8
20311.4
20384.4
20165.2
20430.1
20060.0
20414.5
20289.5
20369.6
20362.0
20331.9
20401.1
20172.7
20433.4
20184.7
20398.4
20242.6
20400.5
20377.1
20214.4
20403.6
20199.5
20404.6
20066.6
20395.9
20246.6
20404.1
20371.1
20324.8
20388.5
20238.8
19990.6
20077.6
20024.5
20133.6
19989.8
20287.5
19731.1
19768.1
19891.4
19789.3
19621.1
19728.1
19628.6
19541.2
19880.6
19740.4
19774.2
19894.6
19720.2
19678.3
19720.9
19623.9
19677.5
19876.3
19575.4
19604.6
19672.7
19714.8
19867.8
19783.2
19639.2
19731.8
19628.9
19761.9
19891.6
19790.3
19611.2
19879.8
19764.8
19644.4
19718.1
19638.0
19764.7
19670.9
19737.1
19765.1
20275.7
20342.4
20063.0
20370.0
20053.5
20360.8
20239.3
20319.4
20331.9
20279.9
20337.7
20094.7
20261.5
19923.2
20211.6
20149.4
20239.0
20246.0
20179.9
20202.7
20077.2
20190.3
19992.9
20207.9
20144.9
20227.5
20222.5
19522.6
20206.8
20052.9
